0000000000000000000000000010000000000100000000001000000000000000000000000000000000000000000000000000
0000100000001000000000000000000000000000000000000000000000000000000000000000000000000000001000000000
0000000000100000000000000000000000000000000000000100000000000000000000100000000000000000000000000000
0000000000000000000000000000000000000000000000000000100000000000000000001000000010000000000000000000
0000000000000000000000000000000000000000000000000000000001000000000100000100000000000000000000000000
0000000000000000000000000000000000000000000000000000000000000000000000000000000000000000000000000000
0000000000001000000000001000000000000100100000000000000000000000000000000100000000000000000000000100
0000000000000000000000000000000000100000000000000000000100000000000000000000000000000000000000001100
0000000000000000000000000000000000000000000000001001000000000000000100000000001000000000000000000000
0000000000000001010000010000000000000000000000001000000001000000000000000000000000000000000000000000
0100000001000000000000000000000000000000000000000000100000100000000000000000000100001000000000000000
0000000100001000000000000001000000000000100000000001000000100001110100000000000000000000000000000000
1000000010000000000000000000000000000000000000101000000000000000000000000000000100000000000000000000
0000000010000000011000000000001000000000000000000000000000000000000000000000000000000000000000000000
0000000000000000000000000000000000000000000000000010000000000000000000000000000000000000000000001000
0000000000000000010000000000000000100000000000000000000000000010000001000000000000100000100000000000
0000000000000000000000010000000010000000000000000000000000000000000000000000000100000000000000000000
0000000000000100000000010000000000000100000000000000000000000000000001000000000000000000000000000000
0000000000000000001000000000000100000001000000000100001000010000010000000000000101000000010000000000
0000000000000000000000000000000000000000000000000000000001000000001000000000000001000000100000000000
