0000000010000000000001000000000000000000000000000000000000000000000000000000000000000000000000000100
0000000000000000000000000000100010000000100000000000010000000000000000100000000000000000000000100000
0000010100000000000000000000001000000100101000000000100000001000000000000000000000000000001000000000
0000000000010000000010010000000000000000000000000001000000000000000010000010000000000000000010001000
0000100000000000000000000000000000000000100000000000000000000000000000000000000000001010000000000010
0000000000001000000000000000000000000000001000000000000000000000000000000000000000000000000000000000
0000000000000000000000000100000000100000000000010010000000000000000000000000000000000001000000000000
0000000000001001000000010000000010000000000010000000000000001000000000000000000000000000000001000000
0100000000000000000000000000000001000000000000000000000100000000000001000000000001000000000000000000
0000000100000000000000000000000000000000000001000000100000000000000000000000000000000000000000000100
0000000000000000000000000000000000000000001000000010101000000100000000000000000000000100000000000000
0000010000000000000000000000000000010000000000000000010000000000000000000000000001000000000000100000
0000000000000000000010000001000000100001000000000000000000000000000000000001000000000000000000000010
0000000000000000000000000000000010000000000010000100100000000000000000000000000000000000100000000100
0000000000000000001000000000100000000000000000000000000000000001000000000000000000000000000000000100
0000000000000000000000000000000000000000000000000000000010000000000000000000000000000000000000000000
0000000000000000000000010000000000001000000010000000000000001000000000000000000000000000000000000000
0000000000000000000000000000000000000000000000000001000000000000000000100000000000000000000000001000
0000000000000000000000100000000000000000000000000000000000000000010000000000000100000000000100000000
0000000100000010000000000000000000000000000000000100100000000000100000000000001010000000010000000000
