1000100000000000000000000000000000000000000000000100000000000000000000000000000000000000000100000000
0000000000000000000000000000000000000010000000000000000000000000000000000000000000000010000010000000
0000001000000000000000000000000000000000000000100000000000101000000000000000000000000000000000000000
0000001000000000000000000000000000000000000000000000100000000000000000000000000100000000000000000000
1000000000000000000000000000000010000000000001000000000000000000000000000000001000000000000000000000
0000000000100100000000010000000100000000000100000000100000100100000000000000000000000000000000000010
0000000000100000000000001000000000000000000010000000000000000000000000000000000000000000000000100000
0000100000000000000000000000000000000000000000000100000000000000000000000000000000000000000000000000
0000000000100000000000000000000000000001000000000000000000000010000000001000000000000000000000000000
0000100000000000000000000000000000000000000000000000010000001000000000000000000000000000000000010000
0000000000000000000000010000000000000001000000000000100000000000010000000000000000000000000100000001
0000000000000000010000000000000000000000000000000000000000000000000001000000000000000000000000000000
0000000000000000000000000000000000000000001000000000010000000000000000100100000000000000000000000000
0000000000000000010000000000000000000000000000000000010000000000000000100000000001000010000001100000
0100000000000000000000000000000000001000100000000000000000000000000000000000000000001000000000000000
0000000000000000100000000000000000000000000001000001000000000000000001000000000000000001000000000000
0000001100000000000000000001000000100000000000100000000000000000000000000000000000000000000000000000
0000000000000001000000010000000100000000000000000000000000000010000000000000001000000000000001000000
1001000010000000000000000000010000000000000000000000100000000000000000010000000000000001100010000010
0000000000000000100000000001000000100000000000000000000000000000000000000000000000000000000000000000
