0000000000000000000001000000000010000000100000000000000000000000000000000000000000000001000001000001
0000000000010000000000000000000000000001000000000000000000000000001000000001100000000000000000000000
0000000000100000000000000000000000000010000000000000000001001010000100000000000000001000000000000001
0000000000000000000000010000000000100000000000000000000000000000000001000000000000000000000000000000
0000000000000000000010000000000000000000000000000000100010000000000001000000000100000000000000010000
0000000000000000000000000000000000000000001000000000000000000100000000000000100000010000000000000000
0000000000000000000000000000000000000100000100000000000000000000000000000000000100000000000000010000
0000000010000000000110000000000000000000000000000010100000000000000000000000000000000000000000000000
0000000110000000000000000000000000010000000001010000000000000000000000010000000100000010000000000000
0000000001000000000000000000000000000000000000000100000000000000000000101000100000000010000001000000
0000001010000000000000000000000000000000000001000000000000000000100000000000100000000000000000000000
0000000000000000000000000000000000000000000000000000000000000000000000001100000000000000010100000000
0000000000000000000000001000010000000000000000000000000000000000000000000000000000010000000000000001
0000000000000001000000000000000001000000001001000000000000000000000000000001000000000000000000000000
0010100000000000000000100000000000000000000000000000000000000010000000000000000000000000000000001100
0000100000000000000000000000010000000000000100000000000000000010000000000000000001001000000000000000
0000100000000000000000000000000000000010000000000000100000010000100000000000000000010000000000000000
0000100000000000000100000000000000000000000000000000000010000000001000000000000000000001000000000000
0001000000000000100000000000000000000000000000000000000000000000000000000000000100000000000001000000
0001000000000000100000000010000000000000000000000000000010000000000000000000010000000000000000100000
