0000100000000000000000010000000000000000000000000010000000001000000000000000000000000000000000000010
0000000000110000000000100001000000001000000000001000000001000000000000010000000000000000000000000000
0000000000000100000000000000000000000000000000000010001000000000000000010000000000000000010100000000
0000000000010000000000000000000000100000000001000010000000001000000000000100000000000000000000000000
0000000000000000010000000110000000000000000000000000000010000000000000000000000001000000000000010000
0000000100100000000010000000000000000100000000000000000001100000000000000000000000000000000000010000
0000000000010000000010000000100000000100000000000000000000000000000000000000000000000000010000000000
0010000000000000000100000000000000000000000000100000000000010000000000000000000100000000000000000000
0000000000000000000000000000000000000000000000000000000000000000100000000000000000000000000000000000
0100000000000000000000000000000000000000000000000001000000000000000000000000000000000000000000000000
0000000100000000000000000000000000000000000000010000000000000000001000000100000000000000000000000000
0000100000000000100000001010000000001010000000000000000100000000000010000000001010000000000000000000
0000000000000000000100000000000000000001000000000000000000000000000000100000000000001000000000000000
0000000000000000000000000000000000000000000000010000001010000000000000000000000000100000000001100000
0000000000001000000000001000010000000000000010000000000000000000000010000010000000000000000001000000
0000110000000000000000000000000100000000000000000000000000000000000000000000000010000000000000000100
0010000000000000010000010000000010000000000000110000000000100000000000000000001001011000000000001000
0000000000000000000000001000000000000000000000000000011100000000000000000100000010000100000000100000
0000101000000000000000000000000100000000000000000000000000000000000000000000000000000000000000000000
0000000000000000000000000010000000000001000000000000000000000000000000000000000000000000000100000000
