0000000000000000000000100000000000000000000000000000000000000000000000000000000000000000000000000000
1000000000000000000010000000000001000000000000000000000000000000000000000000000000000000000010000000
0000100000000000000000000000000000000000100000000000000000101000000000000000000000000000000000000000
0000000000001000000000000001000000011000000000000000000000000000000000000000000000000000000100000000
0000000000000000000000000000100001000000000000000100000000000100110000000000000010000000010000000000
0000000000000000000000000000000000000000000001000100000000000100000000100100000000000100000000000000
0000000000000000000000000000000000000110000000000000000000000000000000000000000000000000000000000000
0000000010000010000000000000000000000000000001000000000110010000000000000000000000000000000000000000
0000000000000000000000000000000000000000000000100100000000000000000000000000000001000000000000000000
0000000000000001000000000010000000010000100000000000000000000000000010000000000000000010000100000000
0000001000000001000000000000010000000000000000100010001000000000000100000001000010000000000000000000
0000000010000000000001000000000000000100100000100100000000000000000000000000100000000000000000000000
0000000000000100000000000000000000000000000010001000000000000010010000000000000000000010000000010000
0000001000000000000000010000000000010000010000000000000000000000000000000000001000000000100000000000
0100001000000100000000000000010000000000100000000000001000000000000000000000000000000000000000000000
0000000000000000000011000000000000000000000000000000000000001000000000001000100000010000000000000000
0000000000000000000001000000000010010001000100000000000000000000000000000000000000000000000000000000
0100010000000000000001000000000000000000000000000000000001000000000000000000000000001000000000000000
1000000000000000000000000000000000000000000000000000000000000000000000010000000000000000000000000000
0000000000100000001000000000010000100000000000000000000000000000000000000000000000000000000001000001
