0000000000000000000000000010000000000000000000000010000000000000000000000000000000010000000010000000
0000000000000000000000000000000000000000000000000000001000010000000000000000000000000000000000001000
0000000000000000000000000010000000000000000000000000101000010000001000000001000000000000000000000000
0000000000000000000001000000000000000000000000000000000000000000000000000000000000000000000000000000
0000100000000000000000000000000000000000000001000001000000000000000000000000000000000000000001000100
0001000000010000100000010000000000000000000000000000000000010000000000000000000000000000001100000000
0000000100000000000000000000000001000000000000010000000000110000100101000010000000000000000000000000
0000000000000000000000000000000010000000001000000000000000000000000000000000000000000000000000000000
0000000000000000000000000000000000000000001000000000000010100000000000000000000000000000000000000000
0000000001000000000000000000000000000000000000000010000000000000000000000000000000000000000000000000
0100000000000000001000000000000000000000000001010000000100000000100000100000000000100110000000000000
0000000001000000000000000000000000000000010000000000000010000000000000000000000000000000000000000000
0000000000000100000010000000000000000001000000000001000000001000010000000000000000000000000000110000
0000000000000000000000000000000000000000000000000000000000000000000000000000000000000000000010010000
0000000000000000000100000000000000001000000000000000000000000000001000001000000000100000100000000000
0000000000000000101000000000000010000000000000000000000000000000000000000000010000000000000000000000
0000000000000000000000000000000000000000000000000000000000000000000100000000000000001000000101100000
0100000000100000001000000000000000000000000100000001000000100000000000000000000100000000000000000000
0000000000000000000000000000000000000000000000000000000000100000000000000000000000000000000000000000
0000000000000000000000000100000000001000000000000000000000000000000010000000000000000101000000000000
