0100000000000000000000000000000000000000000000000000000000000000000000000000000000000010000000000000
1000000000000000000000000000000000100000100000000000000000001000000000010000000000000000000000000000
0000000000000000000000000000100000000000000000000000000001000000000000000000000000000001000000000010
0000000000000000010010000000000000100000000000000000000000000000000100000000000010010000000000000101
0000000000000000000000010001000010100000000000000000010000000000000000010010000000000000000000000000
0100000000000000100000000000000000000010000010000000001100010000000100000000100000000000000000000000
0000000001000000000000000000001000000010010000101000000000000000010010000000000100000000000000000000
1000000000000000000000001000000010000000000000010000000010000000000000000000000000000000000010001000
0000000000010010000010000000000000000000000100000000100001000000000100000000000000000000000010000000
0000000001000000000000100000000000000000000000000000000000000000000000100000000000000000000000000000
0000000000000000000000000000000000000000000000000000000000000000000000100000010000000000000000000000
0000100000010000000000000000000000000000000000000000001000001000000010000000000000000000000000100000
0000000000000000000000000000000000000000001000010000000000000000011000000000000000010000000000000000
0000000000001000000000000000000000100000000010000000000000100000000000000000000000000000000000000000
0000000000000000000010000100000000000000000000000000000000000000000000000000000000000000000100000000
0000000000010000000000000000000000000000000000000000000000000000000000000000000000000000000000000000
0000000000000000000011000000000100000000000000000000000000000000100000000000000000000000000000001000
0100000000000000000000000000000000000000010100000000000000000000000100000000000001000000000000000000
0000000000000000100000000000000000010000000000000000000001000001000000000000000000000100000000000000
0000000010001000000000000000000000000000000000000000000000000000000000000000000011000000000000000000
