0000000000000000000000000000010000000000000000000000000000000000000000000100000000000000000000000000
0000000000000000000000000000000000000000000100000000000100000000000010000000000000100000000000000000
0000000000000000000000000000000000000000000000000001010000000000100000000100000000000000000000000000
0000010000000000000000000000000000000010000000001000000000001000000001100000000000000000000000000000
0100000000000000000000010000000000000000000000000010000000000000000000000000100000000000000100000000
0000000000000000000100001000000000000000000000000000000000010000100000000000000000000000000000010000
0000000000001000000000000000000000001000000000000000000001000000000001000000000000000000000000000000
0000000000000000000001000100000000000000000000000000000000000000000000000000000000000010000000000100
0000000000000100000000000000000000010000000100000000000000000000010000000000000100000000000000000000
0000000000000000000000001000100010110000000000001000000000000000000000000000000000000000000000001000
1000000000000000000000000000000100000000000000000000000100000000000000000000000000000010000000010000
0000000000100000000000000000100000000000000000000000100000100000000000000001000000000000000000000000
0000000000000000000001010000000000001000000000000010000000000000000000000000010000000001000000000000
0000000000000000000000000000000000100010000000000000001000100000000000000000000000001100000000000000
0000000000001000000000000000000000000000000000000000000001000001000000001000000000001000000000000000
0000000000000000000000000000000000000000000000000000000000100000000000010000000000000000000000000000
0010000000000000001000000000000000000100000000000000000010000000000000110000000010000000000000000100
0000010000000000100000001000000000000000000000000000000000000000000000000000000000000000000000000000
0000000000000000000000000000000000000000000000000000000000100000000000010000000000000010000000000000
0000000000000000000000000000000000000000000010000000000000000000000000000000000000010000100000100000
