0000100000000010000000000000000000000000000000000000000000000000000000000000000000000000000011000001
0000000000000000000100010000000000010000100000000000100010000010001000000000000000000000000000000000
0001000000000001000000000001000000000000000000000000010000000000000000000000000000000000000000000010
0000000000000000000000000000000000000000000010000000000000000000000000000000001000001000000000000000
0000000000100100000000000000001000000000100000010000000000000000000000000000000000000000000000000000
0000000000000000000100001000000100000000000001000000001000000000000000000000000000000000000001000100
0000000000000000000000000000000000000000000001000000001000000000000000000000011000000000000000010000
0000100000000000000000000000000000000000000000000000000000000000000000000000010001100000000000000000
0000000000000000000000000000000000000000000000000000000000000000000000000000000000000000000010010101
0000000000000000000000000000000000000000100000000000000001000000000000000000000000000000000000000000
0000010000000000000000000010100000000000000000000000000000000000000001000000000000000010000000000000
0000000000000000000000000000000000000000000000000000000001000000000000000000000000000000000000000000
0000000000000000000000100000000000000000000000000000000000000000000000000000000000000000000000000100
0000000000000001010000000000000000000000000001000001000011010010000000010000001000010000000000000000
0001000000000000000010000000000000000000000000000000000000000000000000000000000000000000000000000000
0000000000000000000000000010000000000000000000000000000000000000100000000000000000000000000000000000
0000000000000000000000010000000010000000000000000000000000000000000000000000000000000000001000000000
0000000000000000100000000000000000000100000000000000000000000001000000000000000000000000000000000000
0000000000000000000000000000000000000000000000000100000000000000000000000001010001000000000000000000
0000000000000000000000000100000000100000000000000000010000000000000000000000000000000000000000000000
