0000100000000000000000000000000010000000000000000000001000000000000010001000001000001000000000000000
0000000000000000000000000000010000000000000000000000000000000000000000000000000000000000000000000000
0000000000000000000000000000000000000000000000000000000000000000000000100010000000000000000000000000
0010000000001000000000000000000000000000000000000001000000001010000000000000010000100000000000000000
1000000000000000000110000001010000000000000000001000000000000000000100101000000000000000000000100000
0000100100000000000000000000001000000000000000000000000000000000000000000000000000000000100100000010
0100000000000000000001000000000000000010000000100000000010000000000000000000000000000000000000000000
0000000000000000000100000000000000000000000000000000000000000000000000010000000000100000000001000000
0010000000000000000000000000101000000000000000000000000000000000000000000000000000000000000000000000
0000000000000000000000000000100000000000000000000000000000000000000000000000000000000000001001000010
0001000000000000000100100000000000000000000000000000000000000000000010000000001000000000000001000100
0000000000100000000000101100000100000000000000000000000000100010010001000010000010000000000100000000
0000000000100000000000000000000000000000000000000000000000000000000000000000000000000011000000000000
0000000000000000100000001000000000000000000000000000000000000001000000000000000000000000000000000000
0000000000000000100000000000000000000000000000010000000000000000100000000100010000001000001000000000
0000100000000000000000000000000000000000000000000000000000000000000000000000000000000000000000000000
0000000001000000010000001000000000000000000000001000000000000000000000000000000000010100000000000000
0000000010000000000000000001000000000000000010000000000000001000100000000000000001000000000000010000
0000000010000010000100000000000010000000000000001001000000000000010010100000000100000000000000000000
0000000001000000000001000000000000000001000000000000000000000000000001000000000101000000000000001000
