0000000000100010000001000000000000001001000100010010000000000000000000000000000000000001000000000100
0000000000010000001000000000000001000000000000000000000000000000000100010000000000000000000000000001
0000000000000000100000000000000000000000000100000000000000000000010001000000000000000100000000000000
0000000000000000000000000000000000000000000100100000000000000000000000000000000000000000001000000000
0000000000000000000000000000000000000000000000000000000000000100000000000000000000000001000000000000
0000000001000000000000000000001000110100000000001000000000000000000000000000000100000000000000000000
0000000000000000000000000000000000000000000000000000000000000000000000000000000000000000000000000000
0000000101000000010000000000000001000001010001000010000000000000000010000000000000000000010000000000
0000000000000000000000000000000010000000000000000000100001000000000000000000000000000000000000000000
0000000000000000000100000000000010000000000000000000010000000100000110001000000000000000000001000000
0000000000100000000000000100000100000000000000000000000000000000000000000000000000000010000000000000
0000000000001000000000010001000000000000000000000000000000000000000001000000000000000000000000000000
0000000000000100000000000000000000000000000000000000000001000000000000000001000010000010000000000000
1000000000000000000000000100010100000010000000000000000001000000000000000000000000000000000000000110
1000000000000000000000000000010000000000000000000000000010000000000000000000000000000110000000000000
1000000000000000000000000000000000000000000000000000000000000000000000000000000100000000000000000000
0000000000000000000000000000000000000001000000000000100000000000000000100001000000000000010000000000
0000000000000000000000001000000100000000010000000000000000000000000000000000000000000000000000000000
0100000000100000000000000000000000000000100000000000000000000000000000000010000000000000000000000000
0000000000000000000000000001000000000000000010000000000000000010000100000000000000001000000000000000
