0000000000000000010000000000100000000000000001000000000000000000000000000000001000000000010010000000
0000000000000000000100000000000100000000000000000000000000000000000000000000000000010000100000000000
0001000000000000000000100000000110000000000000000000000000000000000001000000000000000000000100000000
0000000000000000000000000000000010010000000000000000000000000000000000000000000000010000000000000000
0000000000000000000000000000000100000000000000000000110100000000000010000000000000000000000000000000
0001000010000000000000000100000000000000000000000000000000000000000000000000000010000000000000000000
0000000000000000000000010000000010000000000000000000010000001000000000000000000001000000000000100000
0000000000100000000000000000000000001000000001100000000000000000001000000000000000000000000000000000
0000000000000000000000010001000010000000000010000000010000000000000000000000000000000000000010000000
0000000000000000000000000000000000000000000000000000000000100000000000000000100000100000000000000000
0000000000000000000000000000010000001000000000100100000000000000000000010000010000000000000000001000
0010000001001000100000000000000000000010000000000001000000000000000100000000000000000000000000000000
0000001000000000100000000000000000010000000001000100000000100000100000000000000100000000000000000000
0000100100000000000000000000100000000000000000100000000010010000000000000100010000000000010000000000
0000000000000000000000000000000010100000000000000000100000000000000000000000000000000000100000000000
0000010000000000000000000010000000000000000000000000000000000000000000000000000000000010000000000000
0000000000000000001000010000000000000000000000000000000000000000000000000000000100000000000001000000
0000000000000010000000000000000000000000000000000000000000000000100000010000000000000000000110001010
0000000000000000000000000100000000000000000000000000000000001000000000000000000000000000000000000000
0000000000000010000000000010000001000000000100001000001000001000000000000000000000000000000000000001
