0000000000000000000000000000000000000000000000000000000000000000100000000000100000000000000000000100
0000110000000100000000000000000000000000000000000000010000100000010000000000000000100000000000010000
0000001001000000000000000000000000000000000001000000100000000000000000000100000000001000000100000000
0001001000001000000000000000000000000000000000001000000000000000000100000000000000000000000000000000
0000010000000000000010000010000000000000000000000000010000000001000000000000000000000010000000100000
0010000000010000000000000000000000000000000100000000000000001000000001000000001000000000000010000000
0000000000000000000000000000000000000000000000000000000000100100000000000100000000000000100000000000
0000000000000000001000100100000000000000000000000000000001001000000000000001001000000000000000000000
0000001000000000000000000000000000000000000000001000101000000001000000000010000000000000000000000000
1000000000001000000000000010000000000000100001000000000010000000000000000000000000000000000000100000
0000000001000000000000000100000000000000000000000000000000100000000000000000000000000000100000000000
0001000000000000000000000011010100010000000000000000000000000000000000010000000000000000000000010000
0000000010000000000000000000001000000000000000000000000000000000010000000000000000000001000000010000
0000000000000000000000000010000001000000000000000010011000000000000000000100000110000000000000000000
0000000000000001000000000000000000000000000000000000010000000000000000000000000000000000000000000000
1000100001000000000000000000000000000000000000000000000000000000000000000010100000000000010000000000
0000000000000000000000000000000000000000000000000000010000000000000000000000010010010000000000000000
0010000000000000000000000010000010000000000000000000000000000000000001000000000000000000000000000000
0000000000000100000000000000000010000000000100000000000000000000000001000100100000000000000000000000
0000000000000000000000000000000010010000000000000000000000000000000000000100100000000000000000000000
