0000000010000000000000000000000000000000000000100000000000000000010001000000000000000100000000001000
0000000000000001000000001000000000000000000000001001001000000000000010010000000000000000000100000000
1000000100000000101100000000000000000000000000000000110000000000000000000001000100000000000000000100
0010010000000001000000000000000000000000000000010000000000000010000000000000000000000000100000010000
0000000000010000000000000000000000000000010000000000000000000000000010000000000000000000000000100000
0000000000001000000100000000000000000001000000000000000000000000010000000000000000000000000000000000
0010000000000000001000010000000000000000000000000000000000100000000000000000000000000000000000000000
0000000010000000010000000000000000100000000000000000000000000000000000000000000000000000000000000000
0000000000010000000000001001000000000000000100000000000000000000000000100000000000000001000000100000
1000000000000100000000010000000000000000000000000000000000000000000100000000001000000000000000000000
0000000010000000000000000100000000000010000000000000010000000100000000000000000001000100000000000000
0010010000000000010000000000000000000000000000000000100000000000000000000000000000000000000000000101
0000000000010000000000000000000000000000000000000000000000000000000000000000000000110010000000000000
0000000000000000000000000000000000000000000000000000000000000000000000000000010001000000000001001010
0000000000000000000000000000000000000010000000000000000000000001000001000000000000000000000000000000
0000000100000000000000101000000000000000000000000001000000000001000000000000010000000000000000000001
0010100001000000000000000010000001000000000000000000000000000000000000000000000000000000100000000000
0000000000000000010000000000000000000000000000000100000000000000000010001000100000000000000000100000
1000000000000000000000000100000000000000001000000000000000000000000000000000000000000010000000000000
0000000010000000001000000000000000100001000000000000000001000100000100000000100000000010000000000100
