1000000000000001000000000000000000000000000000000000000100000000000000000000000000000100000000000000
1001000000101010000000000000000000000000000000000000000000000001100000000000010000100100000000001000
0000000000000000000000000000000000000000000000000000000001000000000000000000010000000000000000000000
0000000000000000000000100000000000000010000000000000000000000000000000000000000000000000000100000000
0000000000000000000000000000000000000000000000000000000000001000000000000000000000000000000000000000
0100000000000000000000000000000000000000001000000000000000100000010000000000000000000000000000000000
0000000000000000000000000000000000000000000000000001000000000000000000000000000000000000010000000000
0000000000000000000000010000000100000000000000000000001000010000000000000000000100000000000000001000
0000100000000000000000000000000000000000001000000000000000000001000000000000000000000000000000000000
0000000000000000000000000000000000000010000000000000000000000010000001000000000000000000000000000000
0100011000100000000000000000000000000000000000000010000000000000000000100000000000000000000010000000
0000000000000000000000000000000000000000000000000000000000000000000000000000010000000000000000000000
1010000000000000000000000000000000000000000000000000000000000001000000000000010000000010000000000000
0000000000000000010100000000000010000000000000110000000000000000100100000000000000000000000000000000
0000000000100000000000000000000000000000010000000000000000100000000000000000000010000000100010000000
0010000000000000000000000000000000000000000000000000000000000000000000000010000000000000000000000000
0000000000000100000000000000000000000001000000000000010000000000000000000000000000000000000000000000
0000000000000000000000100000000000010000000000000000001000000000000000000000000000000000000000000000
0000000001000000000000000000000000000100000000000000000000000000000000010000000000000000000000000000
0010000000000000000000000000000000001000000000000000000000000000000000000000000000001000000000000000
