0000000001000000000000000000000000000000000000000010000000000000000000000000000000000000000000000000
0010000000000000000000000000010000000000000000000000001000000000000000000000000000001000000000001000
0000000000010000000000000001000000000000000000000000000000010100000001000000000000000000001000000000
0100000000001000000000100000001100000000000000000000000000000010000000000000000101000000000000000000
0000000000000000000010000000000000000000000000000000000000000110000000000000000000000000100100000000
0001000000000000000000000000000000000000000000000000000000000000000000000100000000000100000000000000
0000000000000000000000000000000000000000000000000010100000000000000000000010000000000000000000000000
0000000000000000000001000000000000000000000000000000010000000000000000000000000000000000000000110000
0000000000000100000000000000000000000000000000000000000010010000000000000000000000000000000000000000
0000000000000000000000000000000000000000000000000000000000000000000000000000000010100000010000000000
0000000000001000000100001000000001000000000000000011000000000000000000000000000000100001000000001000
0000000000000100000000001000010100010000000000100001100000000000000000000000000000000000000000100000
0000000000000000000000000000000000000100000000000000000000000000000000000000000000000000000000000000
0000000000000000000000000000000000010000001000000000000000000000000000001000000000000000000000000000
0000000000000000000000000000010000000000000000000000000000000000000000000000000000001000000000000000
0000000000001000000000000000011000000000010000000000000010100000000000000000000000000000000000000001
0010000000000000000000000000000010000000000000000000000000000000001100000000000000000000000000000000
0000000000000000010000000000000000000100000000000000000000010000100000000000000100000000000000000001
0000000000000000000000000010000010000000000000000000000000000000000001000000000000001000000000000000
0000100001000000000000000000000100000000000000000000000000001010000000000000000000000000000000000100
