0000000010000000000000000000100000000000000000000000100000000000000000000000000000000000000000010000
0000000000000000000000000011000000000000000000000100000000000000001000000000100000000000000000000000
0000000100000000000001100100000010000000000000000000000000000000010000000000000000000000000000000000
0100000000000000000000000000000000000000000000000000000000000000000001000000000000000000000000000000
0000001000000000000000000000000100001000000000000000000000000000000000001000000000000000000000000000
1000000000100000000000000000000000000000000000000000000100000000010000100000000000000000100000000000
0000000010000100010100000001100000100000000000000000000000000000000000000110000000001000000000001000
0000000001000000000000000000000000000000000000000000000100000000000000000000000000000000000000000000
0100000010000000000000000000000000000000000000000000000000000000000000100000000000000000000000000000
0000000000000000000000000000000000000000000100000000000000000000001000000000000000101001000000000000
0000000000000000000000000000000000000000000000000000000000000000000010000000000000000000000000000000
0000000000000010000000000000000001000000000000000000000000100000000000000000000000000000000000000010
0000100000000000010000001000000000000000000000000000000000000010000000000000000000000000000000000000
0100000001000000000000000000000000000000000000000000000000000000000010000000000000100000000000000000
0000000000000000000010000000010000010000000000000000000000000010000001000000000000000000100000000000
0010000000010010000000000000000000000000000000000000000000000000000000000010000000000000000001000000
0000010000000001000000000000000000000000000000000000000000000000000000000000000000100000000000000000
0000000000000000000000000100001000000000000010000000000000001010000000001100000000000000000100100000
0010000000000000000000000000000000000000000000000001000100100000000100011000000000000000000000000000
0000000000000000000000100000000000000000000000000000000000000000000000000000000000000000000000000000
