0000000010100000000000000000000000000000000000000100000000000000000000000000000100000000000000000000
0000100000000000000000000000000100000000000000000000000000000000000000000000000000000000000000000000
0000000000010000100000000000000000010000000000000000000000000001000000000000000001000000000000000000
0000000010000000000000000100000010000000000000000000000000000000001000010000000000000000000001000000
0000000000000000000000010000011000001000000010000000100000000000000000000000000000100000001000000000
0000000000000010000000000000000100000000000000000000001000000000000000000000000000000000000000000010
0000000000000000000000000000000000000000000000000000000000000000000000000000000000000000000000001000
0000000000101000000100000000000000000000000000000000000010000000000001000000000000000000000000000000
0000000000000000010000000010000000000000000000000000000000000000000000000000000000000001000000000000
0000000000000000000000000000000000000000000000001010000000000000000100000000000000000000010000000000
0000000000100000000000000000000001000000000000010001000100000000000000000001000010000000000000000000
0000000001000000000000000100000010000000000000000000000000000000010000000000000000100000000000000000
0000000000000000000000000000000010000000000000000000000000001000000001000001000000000000000000000000
0000000100000000000100000000000000000000000000000000000000100000000010000000010000000000100000000100
0000000000000000100010000000000000000000000000000000000010000000000000000000010000101000000000000000
0000000000000000000000001000000000000000010000010000000000000000000000000000000000000000000000000000
1001010010010000100000010000100001000000000000000000000000000000000000000010000000000000010000000000
0010001000000000000000000000000000000000000000000000000000000000000000000000000000000000000010010000
0000000000000000000000000000000000000000000000000000000000000000001000000000000010000000000000000000
0000000000000000000000000000000000000000000000100000000000000000000000100010000000000000000000000000
