0000000000000000000001000000000000000000000000000000001000000000000100000000000000000000000000000000
0000000001000000100000000000000000000000000000000001000001000000000000001100001100000000000000000000
0000000000000000000000000000000000000000000000000000000000000001010010000000000001000000000000000000
0000000000100000000000000000000000000000000000000000000000100000000000000000000000000001000000000000
1000000000000000000000000000000100000000000000000000000000000000000000000000000000000000000000000000
1000000000000000000000000000000000000000000000000000000000000100000000000000000000000011000000000000
0000010000000000000000000010000000000000000000000000000000001000000000000000000000000001000000001000
0000000000000000010000000000010000000000100000000000000000000000000100010001000000000000000010000000
0000000000000000000000000000000000000000000010000010000000000100000100000000000000100000000000000000
0000000010000000000000000000000000000000000100000000000010000000000000000010100000000000000000000000
0100000000000000000000000000000000000000000000000000000000000000000000000000000000011000000000000010
0000000000000000000000000000000000000000000000000000000001000000000000010010000000100000000000000000
0001000000000000000000000000000000000100000000000000000000000000000000000000000000100000000001001000
0000000000000000001000000000000000000000000110000000000000000000000000000000010100000000000110000000
0000000000000000000000100000000000000000000000000000000000110000000000000010000000000000000000000000
0001000000000000000000010010000001000000000000000000000000000000000000000001000010000000000000000000
0000000100000000000000000000000000000000000000001010001001010010000001000000000001000000000101000000
0100000000000000000000000000000000000000000000000000000000010000000000000000000000000000000000000000
0000000000000000000000000000000000010000000000000000000001000000000001000000000000000000000000000000
0000000000000000000000000000000000000000011000000000010000000000000010010000000100000000000000000000
