0000000000000000000100000000100000010000100000000100000100000000000000000100000000000000000000010000
0000000000000110000100000000000001000000000000000000000010000000000010000000000000000001000000000000
1000000100100000000000000000000010000000000000001000000000000000000000100000100000000000000000000000
0000000000000000000000000000000000000000000000000001000000100000000000000000000000000000100000000000
0000000000000000000001000000000000000000000000000001000000000100000000000000000000000000000000100000
0001101000000000000000000000000000000000010000100100000000000000000000000000000010100000000000000000
0000100000000000000000000000001000000000000000000000000000000000000000000000000000000011000000000000
0000100000000000000000000000000000000000000000000000000100000000000000000000000000010000000000000000
0000000000000000000000000000000000000000000011000000000100000000000000000000000000000001000000000000
0000011000010000000000000000000001110000000000001000000000000000100000000000000000000000000000000000
0000001000000000000000000000000010000000000000100001000000000000000000000000100000000000000000010000
0000000000000000000000000000000000000000000000000000000000000000000000000000000101000000000000000000
0000000000000000000000000000100000000000000000000000000000000000000000000000010000000100000100000010
0000000010001000000000001000000000000000000000000000000000000000000011000000000000000000000000101000
0000000000000000000000000000000000000000000000000000010000000000000000001000000000000000000000000000
0000000000100010000100000000000000100010001000001000000000000000000000000000000000000000000000000000
0000000010000000100000000000000000010000000000000000000000000000000100000000000000001100000010000000
0000000001000000000000000000000100011000000100000100000000000000000000000000010000100110000000000010
0000000000000000000110000000000000001000000000000000000000000001000000000000000000000000000000000000
0000010000000000000000000000000011000000000000000000000000000000000000000000000000000000000000000000
