0001000000000000000000000000000000100000000000000000000000101000000000000000000000000000001000000000
0001000000000000000001000000000000000000000000000000000100010000000100000000000001000000000000001000
0000000000000000000000000000000000001100000000000100000000000000000100000000000000000000001000000000
0100001000000000000000000001000000000000110000000000000000000000100000000000000000000010000000000000
0000000001000000000010000000001000010000000000000000000000000000000000000000000000011000100000000000
0000000000000000000000000000000000000000010000000010000000000000000000000000000000000000000000000000
0001001000000001000000000100000001000001000000000000000000000000000000000100100000001000000000000000
0000000000000000000000000000000100000000010000000000000000000000000000001000000000000000000000000000
0000000000000000000000000000000000000000000000000000010000000000000100000000010000100000000000100000
0000000000000100000000000000010000001000000000000000000000000000000010000000000100000000001010000000
0000000000000100000000000100000010000000000000000000000000000000000000000000000000000000000000000000
0000000000000000000010000000000000000000000010000000010000000000000000000000000000000000000000000000
0001000001010100000000000000000000000010000010001100000010000000000000100000100000001000000000000000
0000000000000000000000000000000000000000000000000000000000000000000000001000000000000000000010000000
0000100001000001000000000010010000000000000000000000000000000010000000000000000000000000000000000000
0000000000000000000000000000000000000000000010000100000000000000000100000000000000000000000000000000
0000000000000000000000000000000000000000000000010000000000001000010100000010100000000000000000010001
0000000000100000000000000010000000100100000000000000001000000000000000000100000000000000000000000000
0000000010000000000000000000000010000001000000000000000000000000100000000000000000000000100000000000
0001000000100000000000010000100000000000000000000000000000000100000000000000000000000000100000000000
