0000000000000000001000000000100000000000000000000000000000000000000000000000000000000000000000000000
0000000000000010000000000000000000000000000000000000000000000000000000000010000000000000000000100110
0000000000000000000000001100000000000000000000000001000000000000010000100000000000000000000000000000
0000000000000001000000000100000000000000000000000000000000000000000000000000000000000000000000000000
0000000000100100000000000000000000000000000000000110000000000001000000000000010100000100000000000000
0000000000000000000000000100000000000000010010010000000000000000000000000000000000000010000000000000
0000100000000000000000000000000001000000000000000100000000000000100000000000000000000000001000000000
0000000010000000000000000000000000001000000000000000001000000010000000000000000000000000000001000000
0000001000010000000000000000000000000000000000000000100000000000000000000000000100000000000001000000
0000000000000000011000000100000000000000000000100000000010000000000000000000100000000000000000000000
0000000000000000001000000000000000000000000100100000000000000000000000010000000010100000000000100100
0000000000000000000000100000000000010000000000000000000001000000000000000000000000000000000001010000
1000000000000000000000000000000000001000000000000000000000000000000000000000000000000000000000000000
0000000100000000000000000000100000000100000100001000000000000000000000000000000100000000000000000000
0000000000000101000000000000010000000000000000000000000000000000000000110000000000000000000000000000
0000000000000000000000000000000000000100000000100001000000000000000000000101000000000000000000110000
0000011000000000000100000000000000000000000000000000000000000000010001000000100000100000100001000000
0000000000000000000000000000010000000000000010000000000000000000100001000000000000000010000000000000
0000000000000000000000000000000000000000000000000000000001000000000000000001000000000000000000000000
0000000000001000000000000000000000000000001000010000010000000000000000000000000000000000000000000000
