0000000000001000000000000000000100000000000000000000000000000000010000000000000000000000000000000000
0010000000000000000000010000100000000000000000000000000000000000000000000000000000000100000000000000
0000000000000000000000000000000000000000000010000000000000000000000000000000000000000000000000000000
0000000000000000000000000000010000000000000100100000000010110100000000000000010000000000000000000000
0000000000000010000000100000001000000000000000000000010000000000000000000000000011000100010000000000
0010000000000000010000000000000000000000000010000000010000010000000000000000000000000000000000000000
0000000000000000000000000100000100000000000000100000000000000010000000100000000000000000000000000000
0000000001011000000000000000000000000010000001000000000000000000000000000010000000000100000000001001
0000000000000000000000100100000000000000000001001001000000000000000000000000000000000000000000000000
0000000000000000001000100000000000000000000000000000000110000000000000000000000000000000100000000100
0000000000000000100000001000000000000000000000000000000000100000000000000010100110000010000000000011
0000000000000000100000100000010000000001000000000000000000000000000000010000000000000000000000000000
0000000000001000000000000000000000000000001000000000001000000000010000000000000000000000000001000000
0000100000000000000000000000000000000000000000000000000000000010010000000000000000000000000000000000
0000000000000000000000010000000000000000000000000000000000000000000000000000001000000000000000000000
0000001000000010000000000000000000000000001000010000000000000000000000100010000000000000100001000000
0001000000000010000000000000000000000000010000000000000000010000000000001100000000000000000000000000
0000000000000000000000000000001000000000000000000000000101000000000000000000000000000000001000000000
0000000000000000000000000000000010000000000000000000000000000000000000000000000000000000000000010000
0000000010000000000000000000001100000001000000010000000000000010000000000000011000000000000100000000
