0000100000000000000000000000000100000000000000000000100000000010000000001000000000000000000000000000
0000000000000000000000100000000010100000000000000000000000001000000000100000000000000000000000000000
0010000000010001000000000000000000100000010000000000000000000111000000000000000000000000000000000001
0000000000000000000010000000000000000000000001000000000100000000000000010000000000000000000000010000
0000000000000000000000000000000010000000000000000000000000000000000000000000000000100000000000000000
0000000000000000001000010000100000000000000000000000000000001000100000100000010000000000000000000000
0000000000000000000000000001001000000000000000000000000000000000000100000000000000000000100000000000
0000011001000000000000000000000000000000000000000000000000000000000000000000000000000000000000000000
0000000000000000000000000000000100000000000100000011000000000100000000100000000000000010001010000000
0000000000000000000000000000000000000001000000000000000000001000000000100000000000000000000000010000
1000000000000000000000000000000000000000000000000000000000000000000000010000000000000000000000000010
0000000100000000000000000000010000000000000000000000000010010000000010000000000000000000000000000000
0000000000010000010000010000000000000000000000100000000100000000000000000000000000000000000000000000
0000000000100000000000001001000000100000000010000000000000000000000000000000000000000000000001000000
0000000000000000010000000000000000000000011000000100000000000000000000000000000000000000100000000000
0000000000100000000000000001000000000000000000000000000000000000000000000000010000000000000001000000
0000010000001000000000000001000001000000000000000001000000000000000000001000000000100000000000000000
0000100000100000000000000000000000000000000000000010000000000000000000000000000000000000000010000001
0000100000000000000000000000000000010000000000101000010000000000001000001100000000000000000000000000
0000000000000100000001000000000000000000100000100000000000000001001000000000000000000000000000000000
