0010010100100000000000000000000000000000000000000000000000000001001000000000000000010000000010000000
0000000000000000000000000100001000000000100000100000000000000000000000000000000000001000000000000000
0000000000000000000001000000000010000000000000000000000000100000000000000000000000000000000000000110
0000000000000001010000000000100000000000000000000100000001100000000000000000000010000000000000000000
0000000000000000000100100000000000000010000000000000000000100000000000000000000000000000000000000000
0000000000000100000000000000010000000000000000001000000000000000000000000010000100000010000000000000
0000000010000010000001000000000000000000000000000000000000000000000000000000000000000000000000000000
0000000000100000000000000000000000000000000000011001000000000100000000000000000000000000000000000000
0010000000000000000010000000000000000000010000000000000000000000000000000000000000000000000000000000
0000001100010000000000000000000000000000000000000000010000000000000010000000000000010100000000000000
0000000000000000010000000100000000000000000000000000000000000000000000000000001000000000000000000000
0000000000100100000000000000000000000000000000010000001000010000000100000001001000000000000100000000
0000000000000000000100000000000000000000000000000000000000000101000000000000000000000000000000000000
0000000000000000000000000010000000000000000001000000000000000000000000000000001001010000000000001000
0000000000000000000000000000000001100000000000000000000100000000000001001000000000000000000000000000
0000000000000000000000000000000000000000000000000000000000000000000010000000000000101000000000000100
0000000100000000000000001000000000000000000000000000000000000000000000000000010100000000000000000000
0000000000000000100000000000000000000100000000000000000100000000010000000010010000000010000010000000
0000000000000000000000100100000000001000000000000010000010000000000000000000000000000000000010000000
0010000000000000000100000000001000000000100000000000000000000001000000000000000000010101010000000000
