0000000000000010000001000000000000000000000000000000000000000000000000000000000000000000000000000000
0000000110000000000000000000000000000000100000000000000000000000000000000100000000000000000000000000
0000000001000010000001001100000000000000000000000000000000000000000000000110010000000000000000000000
0000000001000000000000000000000000100000000000000000010000000000000000000001001010000000001000000000
0000000000000000000000000000000000000000010000000000010000000000100000000000000000000000000000000000
0000000000000010001001000000000000000000000000000000000000000000000000000000000001000000000000000100
0001000100000010000000000000000000000000010000000000000000000000000000000000000000000000000000000000
0000000000000000000000000000000000000000010000001000000000000000000000000000000000000000000000000000
0000000010100000000000000000000100000000000000000000000000000000000000010000000000100000000000000000
0000000000000000000100100000000000000000000000000000000000000100001000000000000000010000000000000000
0000000100000010000000000000000000000000000000000000000000000000000000000000000000100000000001000000
0000000000000000000000010000000000010000000000000000000000000000001000011000000000001100000000000000
0000000000000000000000000000000000001000000000000000000100000000100010000000000000000000000000000000
0000000000000000000000000000000000000101000000000100000000000000000000000000000000000000000000000000
0000001000000000000000000000000000000000001000000000001000000000000000000000000000000000000010000000
0000000000010000000000000000001000000000000000100000000000000000000000000000000000000000000000000000
1000000000000000000000000000000000000000000000100001000000000000000001000000000000000010000100000000
0010100000000000000000000001000000000000000001000110000000100000000000010000000000000000000000000000
0000000000000000000000000000000000000000000000000000100000100000000000000000000000010001100000000010
0000000000000000000000100000000000000000000010000000000000000000000000000100010010000000000000000000
