0000000000000000000000000000000000100000000000000000000000100000000000000000000000000000000000000000
0000000000001100000111000000010000000000000000001000000000000000000000000000000000000000000000000000
0000000000000000000100001000000000000000000001000000000000000001010000000000000000100000000000000000
0000000000000010000000000000000000000010000000000000000000010000000000000000000000100000000001001000
0000000000000000100000000000000000000010000000000000000000000000000000000000000000000000000000000000
0000000010000010000000000000000000010000000000100000000000000000000001000000000000000000000000000101
0100000000000000000011000000000100000000000000000000000000000001000001000000000000000000000001000000
0000100000010000000000000000100000000000000000010000000000000000000100000000000000000010000000000000
0000000100000000000000000000000000000000000000000000000000000000000000000000000000000000010000000100
0000000000000000000000001000000100000000000000000000000000000000000000000000000000000000000000000010
0000000000000000000000000001000000000000000000000000000000000000010000000000000000000010000000000000
0000000000100000000000000000010000010000000000000000000000000000000000100000010010000000000000000000
0000000000000000000000000000000000000000000000000000000000000000000010000000000000000000010000000000
0000000100000000000000000000000000000100000000000000100000000000000000000010000000000000000000000000
0000000000000000000000000000010000000000000000000000000000000000000000000000001001000000100000000000
0000000000000000000100000000000000000000000000000000001000000000010000000000000000000110000010000000
0001000000000000001000000000000000100000000000000000000000000000000000000000000000000000000000000000
0000000000000000000000000010000000000100000000100000000000100000100010010000000000000000000000000000
1000000000000000000000000000010000001101000000000000000000000000100000000000000000000010000000000000
0000000000000000000000000000000000000000000000000000001000000001000000000000000000000000000000000000
