0000000000000001000000000000000000000000000000000000000000000000000000000000000000000000001000000000
0000000000000000000000000010000000001100000010000000000000000010010000000000000000000000001000000000
0000000000000000000010000000000000000000000001000000000001100010010000000000000000000000000000000100
0000100000000010000001000000000000000000100000000101000000000000000000000000000000000000000000000000
1100000000010000000000010001000000000000000100100000000000100000000000000000000100000000000000001000
0000000000100000110000000000000000000000000000000000000000000000000000000010000000000000000000000000
0000000000000000000000000100000000000000000000000000000010000000000000000000000000000000000000000000
0100000001000000000001000000000000000000000000000000000000000000000000000000000000000000000100000000
0000000000000001000000000000000000100000000000000000000100000000001000000000000000001000000000100000
0000001000000010000000000010000000000000000000000000000000000000000000000000000000000000000000000000
0000000000000000000000000000000000000000000001000000000000000000000000000000000000000000000000000000
0000010000000001000000001001010000000000100000000000001000000000000000010000000000000000000000000000
0000000001000000000000000000011010000010000001000000000000000000000000000000000000100000000000000000
0000000000000000000010000100001000000000001000000000000000000100000000000000000000000000000000000000
0001010000000000000000000000000000000000100000000000000100100000100000000000000000000000000001010000
0100000010000000000000000000000000100000000000000000000000001000000100000000000000000000000000000000
0000000000000000001000000000000000010000000000000000000000000000000000000000000000000000100000001000
0000000000000000000000000000000000000000000000000000000000010000000000000001000101001000000000000000
0000100000000100000000000010000001000000000000000000000000000000100100000000000000000000000000000000
0000001100000000000110000000010000000010000000000000000001000000100000000000000000000001000000000000
