0000000100000000000000011000000000000000000000000000000000010000000000000000111000000000001100000000
0010000000000000000001000000000000000000010000000000001000000000000000000000000100000000000001000000
0000000000001000001000000000000000000001000000000000010000100000000000010000000000000000001000000000
0000000000010000000010000000000000000000000000000000000000000000100000000000000101010000000001000000
0000000000000000000000000000000001000000001000000000000000000000000010000000000000000110000000000000
0001000000000000000000000000100100000001010000000100100000000000100000000000010000001000100000001000
0000000000000000100100000000001000000000000000000000000000000000000001000000000000000000000000000000
0000000000000000000000000000000000000001000000000000000000000010000000000000000000000000000000000001
0000001000000000000000000000000100001000100000000000000000000000000000000000000000000100001000000000
0000100000000000000000100010000101000000100000000001000000010000000000000000010000000000000000000000
0000000000000000000000000010000000000000000000000000000000000000000000000000000010010000000000000000
0010000000000000000000000000000000000000001000000000000000000000001000000000000000000000000000000100
0000100100000000000000000000010001000000000000000000000001000000000000000100000000010000000100000000
0000000000000000000000000000000000000000001000100000000000000000000000000000000000000000000000000000
0000010000000000000000001000000000000000011000001000001000000000000001000000000000000000000000000000
0000000000000000000010000000111000100000000000000010000000000000000100000000000000000000000000000000
0100000000000000000000000000000000000000000000000000000001000000000000000000000100000000000000000000
0000000000000000000000000000000000000000000000000000000000100000000000000000000000000000000000000000
0000000000000000000000000000000000000100000000000100000000000000000000000010010000000000010000000000
0000000100000000000000000000000000000000000000000000000000010000000000000000000000000000000000000010
