0000000000000000000000000000100000000000000010000000000100000000000000000000000100000000000100000001
0001000000001011010000100000000000000000000100010000000000000000000100000000000000000000000000000000
0000000000000000000000000000101000000000000010000000001100000000000000000000000000000000000000000000
0000000000000000100000000000000000000100000000000000000000000000000000000000000000000000000000000001
0000000000000000000001000000000000000000000000000000010000000000000000000000000000000000000000000000
0000000000000000000000000000000000000000000000000010000000000000000000000000000000000000100010000000
0000000010000000000000000000000000001000000000000000000000010000000000000000000000000000000000000000
0000000000000000000000000100000010100000000000000000000000000000000000000001000000000000000000000000
0000000000000000000010000000000000000000000010000000001000000000000000000000000000000000000000000000
0000000000000000000000000000000000000000000010000000010100000000000000100000000001010000000000000000
0000000000000000000000000000010000000000000000001000000001000001000000000000000000000000000000000010
0000000000000000000001000000000000000000000010000000000000000000010000000000000000000000000000000000
0000000000000000000001100000000000000000000000000000000100000000000000000000000000000001000000000000
0000000000000000000000000000000110000001000000000000000000000001000000000000000000000000000000000000
0000100000010000110000000000000000000000000000001000000000000000000000000010000000000000001000000000
0000000000000000000100000010000000000000010000000000000000000000000000001000000000000000101010001011
0100000000000000000000100001000000000000100000010010000000000000000000000000000000000000000010000000
0000000010000000000000000100001000000000000010000000000100010000000000000010000000000001000000000100
0000000000000100000000100000000000000000000010000000000000000000000010000000000001000000000000000000
0000000000000000000000001000000000001000100000000100000000000000000000010000000100000000000000000000
