0000000000000000001000000000000000000000000001000000000000010000010000000001000000000000000000000000
0000000001000000000000000100000000001000000010000000000000000000000000000000000000000000000000000000
0011000000000000000100000000000000000000000001001001000000100000000000000000000000000000000000000000
0000100000000000000000000100000010000000000000000000000100000010000000010000001000000000000000000000
0001000000000001000010000000000100000000000000000000000000000000000000000000000000000000000010000000
0000000000000000000000000000000000000000010001000010000010000100000000000000000000000000000000100000
0000000000000000000000000000000000000000000000000000000000000000000000000000000000000000000000000000
0000000000000000000000001000000000000000000000000000000000000000000000000000000000000000000000000000
0010000000000100000000000000000000000000000000000000000000110000000000100000001000000000000000000100
0000101000000000000000000000000000001000000000100000000000000000000100000000010100010000000100000000
0000000000000000000000000000000000000000001000000000000010000000000000110000000000000100000000000000
0000000000000000000000000000000000000000001000000010000000000000000000001000000100000000000000000000
0000000000000010001000000000000000000000001000000100000000000000000000000000000001000000000001000000
0000000000000000000000000000000010000000000000000000000000000000000000000000000000000001000000000000
0000010000000000000000000000010000000000000000000000100000000000000000000000000000000000000000000000
0000000000000000000000000000000000000000000000000000000000000000100000000000000010000000001000000000
0000000000011000000100000001100000000000000000000000000001000000000000000000000001000000000000000010
0100000000100000000000000000000000000000000000000000000000000000100000001100010000000000000000000100
0000000000000010000000000000000000010000000000000000000000101000000000000100000010000000101000001000
0000000000000000000000000000000000000000000100000000000000000000000000000010000000000000000000000000
