1001100000000000000000000000000000000100000000000000000000000000000000000000000000000000100000000000
0000000000000000000000000000000000000000000000001000000000000000000100000000000000000000100000000000
0000000000000000000000000000000100001000000000000000000000000001000000000000000000000000000000000000
0000000000000000001000000010000000000100010000000000000000000000000000000000001100000000000000000000
0000000000001000001000000001000000000000000000010000000000000100000000000100001001000100000000001000
0000000000001000000000001000000000000000100000001000100000000100000000000000000000000000000001000000
0010110000000000000000000100000000000001001000000000000000000000000000001000000000000100000000000000
0000000000000000000000000000000000000000000000000000001000000000010001000000000000000000000101000000
0000000000000000000000000000000000000000000000000000000000000000000000000000010000000000000000000000
0000000000000000000000000000000000000000100000000010000000000000000000000000100000000000100000010000
0000000000000010001000000000010000000000000000000000000000000000000010000000000000001100000000000000
0001000010100000100000000000000010001010000000100000000000000001000000000000000000000000000000000101
0000000000000000000000000000000000000000000100000000000000000000000100000000000000100010000000000000
0000000000001000000000000000000000001000000000000000000000000000000000000000000000000000000000000000
0000000000000000000000000000000000000000000000000000000000000000000000000100000000000000000000000000
0000000000010000000000000100000010000000000000000000000000000000010000000100000000000000000000000000
0010000000000000000000000000000000100100000000000000000000001000000000000000000000000000000000000000
0000000010000001000000000000000100100000000000000000000000000000001000000000010000000000000000000000
0000000000000001000000001000000000000100000000000000000000000000000000000000000000000000010000000000
0000000000000000000000000010000000000100000001000000000000000000000000000000000100000000000000000010
