0000000000000100000100000000000010000000000000000000000000000000000000000000000000000000000000000000
0000000000000000000000000000000000000000000000000000000000000000000000001000000000000000000000000000
0000000000000100010000000000000000000000000000000000000000000000010000000000100000000000000000001000
0000000000000000000000000000000010000001000000001000101000000000001000010000000000000000000100000010
0000000000000000000000000000000000001010000000000000000000000000010000100000001000000000000000000000
0000000000000000000000000001000000010000000000000000000000010000000000000000000000000000100000100000
0000000000000000000000000000000000000000000000000000000000100000000000000000000000010000000000000000
0000000000000000000000011000000000000000000000000000000010000000100000000000000000000000000000000000
0000100100000001000000010000000000000000000000000000000000000100000000000000000000001000000100000000
0000000000000000000001000000000000000000100010000000010000000011000000000000000000000000000001000100
0000000000010000000000000000000000000000000000000000000000001000000000000000001000000000000000000000
0000000001001001100000001000000000000000000000100010000000000000000000000000000100000000000100000000
0000000000000000011000000000000000000000000000000000001000001100010000000010000000000000000000000000
0000000000000000000000000000000000000000000000000000000000000000000000000000000000000000011000000000
0000000000000000000000001100000000000000000000000000000000000000000100000000000000100010001100000000
0000000000000000000000001010000000000000000000000100000000000000000010001000000001000000000001000000
0000000000000100100000100000000000000000000000000000000000000001000000000000000000000000000000000000
0000000000000000000000000000000000000000001000000000100000000001000000000100000000001000000000000000
0001000010000000000000000000000000000000000000000010000010000100100000000100000000000000000000001000
1000000000000001000000100000000001000000000000000001000000000000001000000000000000000000000010000000
