0000000001000000001001001000000000000000000000000000000000000000000000000001000000000000001000000000
0000000000000000000000000000000000000000000000000001000010010000000000000000001000000000000000000000
0000000000000000000000110000000000000010000000000000000000001110001000000000000000000100000100000000
0000000000000000000100000000000000010001000000000000000000000000000000010000000000000000000000010000
0000000010000000000000000001000000010010010000010000000000000100000000000010000100000000000000000000
0000000000000001000010000000000000000000000000000000001000000000000100000000000000001000000000000000
0000000100000000010000000001000010000010000000000000000000000000010000000000000011100000000000000000
0000000000000000000000000000000000000001000000000000001000000000000000000000000000000000000000000001
0000000000000000000100000001000000000000000100000000000000000000000000000000000000010000100000001000
0000000100000000000010000010000010000000000000000000000000001000000000000000000001000000000000000000
0000000000000000000000000000000000000000000000000000000000000000000000000000000000000000000000000000
0100000000000000001000000001000000110000000000000000000000000000000000000000000000000000100100000000
0000000000000000000000000000000000000000011000001100000000000000000000001010000000000000000000000000
0100000100000000100000000000010000000000000000000000000000000000000000000000000000100000000000000100
0000000000000000000000001000000000000000000000000000000000000000000001000000001000000000010000000000
0000000000000000000001000010000000000000000000010000000000000000000000000000000000000000000000000000
0000000010110000000000000000000000000000000000000000000000000000000000000000001000000001000001000010
0100000000000000000000000010000000000000000000000000000010000010000000110000000000000000000000000000
0000000000000000000000000000000000000001000000000000000000000000000010000000000000000000000001000000
0100000010000000000000010000000000001000100000000100100000000000000000000000000000001010000000000000
