0100000000000000000000000000000000000000000001000000000000000100000000000000000001000000000000000000
0000100000000000000000000000000000000000000000000000000100000000000000000000000000000000010000000000
0000000000000000000000000000100000000000000000100000000000000000000010000000000001000000000000001000
0000000000010000000010000000000000000010000100000000000000000000000000000000000100000000000000000000
0000000000010000010000000000000100000000110000000000000000000000000000100000000000000000000000000000
0010000000000100100000001000001000000000000000000000000000000000000000000000000000000000000000000000
0010000000000010000001000000000000000000001000000000000000000000000000000001001000000100000000001010
0000000000000000000000000001000000000000000000000000000000000000000000000000100000000000000000000000
0000000100000000000000000000000000000000000000000000000000000000000000000000010000001000000100000000
0000000000000000000000000001000000000000000000000000000000000000000000000010000000000000000001000001
0000000010000000000000000000000000000000000000000000000000010000000000000000000000000000000000000000
0000000100000000100000001000000000000000000001001000000000000000000000000000001000000000000000000000
0000000000000000000000000000000001000000000000001000001000000000000000100000000000000000000000000000
0000000000000100010010000000000000000000000101100000000000000100000000000000000000000000000010000000
0000000000000000001100000000000000000000000000100000000000000000000000000000000000001000000000000000
0000000000000000000000100000000000000000000000000000000000000000000000000000001000000000001010000000
0000000000000010010000000000000000000000101000000000000000000000000000000001000000000000000000000000
0011000000001000001000000000000000000000000000000100010010000000000000000000000000000000000010100000
0000000100000000000000000000000000000000000000000000000000000000000000000000000000000000000000000000
0000000000000000010000000000000000000000000000000000000000000000000000000000000100000010000000000000
