1000000000000000000000000000000000000000000000000000000000000000010000000000000000100010000000010000
1000100000000000000000001000000000000000000000000010001000000000000001010000000000000000000000000000
0001000000100000000100000000000000000000000000010000000000000000000000000000000000000100100000000000
0000000000000000000100000001000000000001000000000000000000100000000100000000010000000000000000000100
0000000100010000000000000000000000000000000000000000000000000000000000000000000000000000000010000001
0000000100000000000000000000001000000000000000000000010000000000000000000000000000001000000000000000
0000000000000000000000000000000000000000010000000000000000100000000000000001000000010000000000010000
0010000000000100000100100000000000000000000000010000000000000000000000100000000000000000000000000000
0000000000000000000000010000000000000000101000000000000000110000000000000000000010000000001000000000
0000000000000000010000000000000000000000000001000000100000000000000000000000000000000000000000000000
0100000001000000000001000000110100000000000000001000000000000000000000000000000000000000000000000000
0000000000000001000000000000000000000000000000010000000000000000000001000000000000000000100100000000
0000000000000001001000000000000000000000010101000000000000000000000000000000000000000000010000000000
0000000000000000000000000000000000000000000000000000000000000000000000000000000000000000000000000001
0000000000000001010000000000100000001000000000000000000000000100000000000001000000000000000000000000
1100001001000010010001000100000001000010000000000000000000000100000001000000000000110000010000000000
0000000000100000000000000000000000001000000000000010000000000000000000000000000000000000000100000000
0001000000000000000010001000000000001000000000000000000001000000001000000000000000000000000000000000
0000000101001000000000010000000000000000000100000000000010010000000000001000000000000000000000000000
0000000000010000000000000000000100000000000000001000000000000000000000000000000000100000011000000100
