0000010000000000000000001000000000000000000000000000000000000000000000000000000001000000000000000010
0000000000000000000000000000000000000000000000000000000000000000000000000000000000000000000000000000
0100000000000000000010000001000000000000000000000000000001010000000000000000000000100000000000000000
0000101000000000000001000000010001000010000000000000000000000000000001000000000000000000000000000000
0000010000000000000000000000000001000000000000000000000000000000000000000000100000000000000000000010
0000000000000000000000000000000001000000000000000000000000000000000000000000000000001000111011000000
0000000000000000000000000000000000000000000000000000000000000000000000000100100000000000000000000000
0000000000000000000000000000000100010000010000100101000000000000000000000000100000000000000000001000
0000000000000000000000000000000000000100000000000000001000000000000000000000000000000000000000000010
0000000010000000000000000000000000000000000000000000000000000001000000100000000000000000000000000000
0000001000000000000000000000000000000000000000100000000000000000100000000010000000000000000100000000
0000000000100000000000000000000000000000000000000000000000000000000000000000000000000000000000000000
0000000000000000000000000000000000000000000000000000001000000000000000000000000000000000000000000000
0000000000000000000000000000000100000000000000000000000000000000000000000000000000000100000000100000
0000000000000001000001000000000000000000000000000000000000000000001000000000000000000000000000000100
0000000000000000000000000000000000000000000000000001000000010101010000000000000000000010000000010000
0000000000000000000000000010000000000000000001000000000000000000000100001000000000000000000000000000
0000000000000000000000000100010000000000000000000000000000000010000000000000000000000000000000010000
0000001010000101000000000001001000000000000000100000000000000000000100000000000001000110000100000000
0000100000000000000000000000100000000000000001000000000001000000000000000000000010000000000000000000
