0000000000000000000100000010000000001010000000000000000000000000000000000000010000000000000000100000
0000000000010000000000000000000000000000000000000000000000100100000000000000001000000100000000000000
0000000000000100100000000001000000000000000000000000000000000100000010000000000000000000000000000000
0000001000000000000000000000000000001000001000000000000000000000000000000000100000000000000000000000
0000000010000000000000000000000000000000000000000100000000000000000000000001000000000000000000000010
0000000100000000000000010000000000000000000000000000100000000000001000000000000000000000000000000000
0000000000000100000001000000000000000000000000000010010000000000000000000000000000000000000000000000
0100100000000000000000000000000000000010000000000000000000000000000000000000000010000000000000000010
0000000000000000000000000001000010000000000000000001000000000000000000000000000000000000000000000000
0000000000000000000000000000000000000000100000010000000000000001000000000000000000000000000000000000
0000010000000000000000000000000000000000010000000000000000000000000000000000000000000010000000000000
0000000000101000000011000000000001000000000000000000000000010000000000000000000000000000000100000000
0000000000000000000000000000000010000000000000000000000000001000000000000000100000000000000000000010
0000000000000000000000000000000000000000010000000000000000000100000000000000000000000000000000000000
0000100000000000000000010000000000000000000000000000000000000000000000100000000000000000000000000000
0100000000000000000100000000000000000001000000000000000100000000000000000000000000000000000100000000
0000000000000100000000000010100000000000000000000000000000000000000000000000000010000000000000000010
0000000000100000000000100000000010000000000000010000000000000000000000000000000000000000000000010000
0000000000000100000000000000000000000000000000000000000000100000000000000000000000001000000000000000
0000000000000000000000000000000000000000000000000000000000000000000000001000000000100100010001000010
