0100100000010000000000000000000000100000000101000110000000000000000000001100001000000000010000100000
0100000000000000001000000000000000000000000000000000000000000000000000000010000000000000000000000001
1000000000000000000000000000000000000000000000000000000000000000000000000000001000000000100000000000
0001000000000000000000000000000000000001000000000000000000000000000000000000000000000000000001000100
0000000000100000000000000000000000000001000000000000000000000001000000000000000000000010100001000000
0000010000000000000000000000000000000000000000000000000000000000000000010000000000000000000000000000
0000000000000000000000000000000000000000000001000000000000000000100100000000000000000100000000100100
0000000000110000000000000000000000001000000000000010000000000000000000100000000000000000000000000000
0000100000000000100010000000000000000000000000000000000000000100000000000010000000000000000000000000
0000000000000100000001001000001000000100000000000000000000000000000000000000000000000000000000000000
0000100000000000000000000000000000000000000000000000000000000000001001000000000000000000100000001000
0000000010001000000001000000000000100000000000000100001000000000000000001000000000000100100000000000
0000000001000000000000000000000010000000000100000010000000000000000000000000000000000000000100000000
0000000000000001000000000100000000000000100000000100000000000000000001000000000000000000000000000000
0000000000100000001000000000000000000000000000000000000000000000000000000000000000000000000000100000
0000000000010000000001000000000000000000000000000000000000000000110000000010000000000001000000000000
0000000000000000000000000000000000000000000000000000000000000000000100000000000000000000000000000000
0000100001000000000001000000010000000000000000000000000000000000000000000000010000000000000000000000
0000100000001000000000000000010010000000000000000000000000000000100000001000000000000000100100000000
0100000000000000000000000010001000000000000000000000000000000000000000000000000000000000000000000000
