0000000010000010000000000000000000000000000000000000000000000000000010000000000000010000000000001000
0000000000000000001000000000000000000000010000100000000000000000000000000000000000000000100000000000
0000000000000000001000000001000000000000000000000000000000000001000000000000000100000000000001000000
0000100000000000000100000000100000000000000000000000000001000000010000000000000000000000000100010000
0000010000000000000000000000100000000000000000000000000000000000000000000000100000000000000000000000
0000000000000000000000000000000100000000000010000000010000000000000000000000000000000000000000000000
0000000000000000000000010000000000010010000000000000000000010000000010000000000000000000000010010000
0000000100000000000001000000000000000000000010000000000010000000010000000000000000000000010000000000
0000000000001000000000001000001000000000000000000000000000100000000100000000000000000101000000100000
0000000000000000100000000100000000000000000000000000000000000000000000000000000000000000000000001000
0000000000000000000000000000000100000110000000000000100000000100010000000000000000000000000000000000
0000000000001000000100000000000000000000000000000000000000000000100000001000000000000000000000000010
0000000000000000000000000000000000000001000000000000001000000000000000001000000000000000000000000010
0000000000000000000000000000000000001100100000100000001000000000000000000001000000000000001000000000
0000000000000000000000000000000000000000100000010000000000000000000010000000100000000000000000000000
0000000000000000000000000000000000000000000001000000000000000001000000000000100000000000000000001000
0001000000100000000000000000000000000000000000000000000000000000000000000000001000000000000010000000
0000000000001000000000000000000000000000000000000010000000000000000000000000000000100000100000000000
0100000000000000000000000000000000000000000000000000000010000100000000000000000100000000000000010000
0000010000001000000000000000000000000000000000000000000000001001000000000010000000000000000000000000
