0000001000000000100000000000000000000000000100000000000000000000000000010000000000000000000000000010
0000010000000000000000000000010000000000000000010000000000010000000000000000000000000100001000000000
0000010000000000010000010000000000000100000000000000000000000000000000000000000000000000000000000100
0000000000010000000000000000000000000000000000000000000000000000000000000000000001000100000100100000
0010000000000000000000000000000000000000000000000000000001000000000000000001000000000000000000000010
0000000000000001000000000000000000000000001000000000000100010000000000000000000000000000000000000000
0000110000000000000100010000000000000000000000100000000000000000000010000000000000000000000000000000
0000000010000000000000100000000000000000000000000000000000000000000000000000000000000000001000000000
0000000000001000000000000010100000000000010000000000101000000001001000001000100000010001000000000000
0000000000000000000000000010101000001000000000000000000000010000000000000010000000000000100000000000
0100001000000000000000000000000000000000000000000001000000000000000000000000000000000000000000000000
0000001010000000000000000000100000000000100000000000001011000000000000010000000000000000000000000100
0000010000000000000000000000000000010000000000000000000000000000000000000000000000001000000000000000
0000100000000000000000000000000100100000000000000000000000000000000000000000000000000100000000000000
0000000000001000000000000000000000100000000000001001000000000100000000000000000000100100100000000000
0100000100000000000000000000000000000100100000000000000000000000000000000000100100000000001000000000
0000000000100000000000000000000000000000000000000000000000000010000000000000000000000100000000000000
0000000000000000000100000000000000100000000000000000000000001001000000000001001010000000000000000000
0000100000000000000010000000000011000000000000000000001000000010000100001000000000000000000000000000
0000000000000100000000000000001000000000000000000000000000000001000000000000000000000000000000000000
