0001000000000000000000000000000000000000000000000100000000000000100000000000000000000000000000000000
0000000000001000000010000000001000000000001000000000000000000000000000000000010000010000000000000000
0000000000000000000000000000000000000000000000000000000000000100001010000000000000000000000000000000
0000000000001000010000000000000000000000000000000000000000000000000000000000000000000010000001000000
0000000000000000000000000001000000000000000000000000010011000000001000000000000000000001000000000000
0000000000000000000000010000000000000000000001000000000000000000000000000000100100000000000010000000
0000000000001000000000000010000100000000000000000000000000001000000000000000000000000000000000010000
0000000000000000000000000010000000000000000000000001000000000000000000000000000000000000000000000000
0000000010000000100001001001000000000000000000000100010000000000100000001000000000001000000001000000
0000000000000000001000000000000000000100000000000000000000000000000000000000000000001000001000000000
0000000000000010000000000000000010000000000000000000000000000000000000000000000000100000000000000000
0010000100000100000000000000000000000000000000001000000000001000000000000000000000000000000000001000
0000000000000000000000000000000000000000000000010000000000000000000000000000100000000010000000000000
0100100001000000100000000000000000000000000000000000000000000000000000000000000000000000100000000000
0000000000000000000000000001000000010000000000000000000001000010000000001000000000000000010000100000
0000000000000000000000000000000000000000000000000000000000000000000100000000000000000000000000000000
0000000000000100000000000000000000010000000000000000000000000100000000000000000000000000000000000001
0000010000000000010000000000000000000000000000000000000000000000000000000000000000000000000001100000
0000000100000000000000000010100000000000000000001000000000000000001000000000000000000000000001000000
0000000000000000010000000100000100000000000000000000000000000000000000000000000000000000001000000000
