1000000000000000000000000000000000010000000000000000000000001000000000000100010000000000000000000000
0000001000100000000000000000000000000000000000000000100000001000100000000000000000000000000000000000
0000000000000100000000000000000000000000000000000000000000000000000000000000000100000000000000010000
0100000000000000000100100000000000000000000100000000000000000000000000000000000000000010000000000000
0000000000000000000000000010000000000000000000000000000001100000000000000000000000000000000000000000
0000000100000010000010000100000000000000000000000000000000000100000000000000000000000000000000000000
0000000000000000000000000000000000000000100000000000000000000000000000001000000000000000010000000000
0000000010100001000000000100000000000000000000000000000000000001000000000001000100000000000000000000
1000000100000001000000010000000101010000000000000000000100000001000100000000000000000000000000000000
0000000000000010000000000000000000000000001000100000000000000000000000000000000000000000000000000000
0000000000010000000000000000000000000000000000000000010000000000000000000000000010000000000000000000
0100000000000000000000000000000000000001010000000000000010000000000000000000000000000000001000000001
0000000000000000001000000000000000000000001000000000000000000000000000000001000000000000000000000100
0000000000000000001000001000000000000000000000000000000000000000001000110000010000000000000100000000
0000000001000000000000101010000000000000000000000001000000000000001000000000000000000000000000000000
0000000000000100000000000010001000000000000000000000000000100000000000000000000001010000000100001000
0000100000000000010000000000010000000000000000000000000000000001001000000000100000000000000000000000
0000000000000000000000000000000000000000000000000000000000001000000000000000000000000000000000000000
0000000000100000000000000000000000100001000000000000000000000000000000000000000000000000000000000000
0000000000000000000000010100000000000000000100000000000000000000000000000000000000000000010000000000
