0000000000000000000000010100001000000000000000000000000000000001000000000000000000000000000000000000
0000000000000010000000000000000000000000000000000000000000000000000000000000000000000000001000000100
0001000000000000000000000000000000000000000000000000100010000000000100000100000000000000000000000100
0000000000000001000000000000000000000000000000000000000000000000000010000000000000100000000000000000
0000000000000000000000000000010000000000000001000000010000100000000000000000010000000000000000000000
0000000000000000000000000000000000000000100000000000000000000000000000000000000000000000000000000000
0000000010010000000000000000000000000000000000001000000000000000000000000000000000000000000000010000
0000000000000000000000000000000000000000000000010001000000001000000000000000000100000000000000000000
0000001000000001010000000000000000000000000000000001000000000000001000000000000000000001010000000000
0010000010000000000000000000000000100000000000000000000000010000000000000000000000000000000000000000
0000000010000000000000000000001010000000000010000000000000000001000000000000000000100000000000000000
0000100000010000000000000000000000000000000000010000010000000000000000000000000000000000000100000000
0000000000000000000001000000000000001000000000000000000000000000000000000000000000000000000000000000
0000110000000000100000000000000000000000100000000000000000000010000000001000000000000000000000000000
0000000000100000000100000000000000000000000000000000000001000000000000000000000000000000000110000000
0000000000000000010000000000000000000000000000000000000000001000000000000000000000000000000100010000
0000000000000000000000000000000000000000000000000010000000000000000001000000010000000000000000000000
0000000000000000001000000000000100000000000000010001000001000000000001000000000000000001000000000000
0000000000000000000000000000000000010000000000001001001000000000000000000001000000000100000000000000
0100000000000000000000000000000000100000000100000000000000000000000000000000000000000000000000000000
