0001000000000000001010000000000000000000000000000000000000000000000000000000000000000000010000000000
0000000000000000000000001100000000000000000000000000010000000000000000000000000010000000000000000000
0000000000000000000000001000000000000001010000000000000000010000001000001000100000000000000000000100
0000000000000000000000000000000000000000000000000010000010000000000000000011010000000000000000010001
0000000000000000001000001000000000000000000000000000000000010000000000000000000000000001000000000000
0000000000000000000000000100000000000000000000000000000000000000000000000000000000000000000010000000
0010100000000100000000000000000000000001000000000000000000001000000110000000000000000000000000000000
0110000000000000000100000000000000000010000010000000000000000000000000000000000000000000000010000000
0000000000000000000000001000010001000000000000000000000000000000000100000000000000000010000000000000
0001000000000000000000000000010100001000000000000000000000000000000000000000000001000000000001000000
0000000000000000000100001000000000000000000000000000000000000100000000000000000000000000000001001000
0000000000000000001000000000000000000000000000000000000000000000000001000000000000000000000000000100
0100100000000000000000000000000000000000000000010001000011000000000000000000000000010000000000000000
0001100000000000000000000000000001000000000000000000000000010000000000000100000000000000000000000000
0000000000100100000000000011000000100000000000000000000000100000000000000000000000000000010000000000
0000000000000000000000000000000000000000110000000000000000000000000000000000000000000000000000000100
0001000010000000000000000000000000001000000000001000100001100000010000000000000000000000000000000000
0000000000000100000000000000000100000100000000000000000001000000000000000000000000000000000000000000
0000000000000000000000000000000000001000010000000000000000000000000000000000100000000000000100000000
0000100001000000100010000000000000000000000000000000010000000000000000000000000000000000000000000010
