0000000000000000000010000000000000000000001000000000000000010000000000000000000001000000000000001000
0000010000010000000000000000000000001000000000000000000000000000000000000001000010000000000000000000
0000010000000000000100000010100000000100000000000000000000000000100000000010000000000000000000000000
0000000000000000000000000000000000000000000000000000000000000000000000000000000000000000000000000000
0000000000000000000000010000000000001000001000000000000000000100010001000000001000000000000000001000
0000000000000000001000001000000100000000000000000000000000000000000000000000000000000000000000001000
1000001000000000010000000000000000110000000000000000000010000000000001000001000000000000000000000000
0100000001000000000000000000000000000000000000000000100000000000000000000000000000000000000000000000
0000000000000000000000000000000000000000100001000010000000000000000000000000000000000000000000000000
0000010000000000000010000001000000000001000000000001000000000010000000000000001000000000000000000000
0000000000010000000000000000000000100000000001000000000000000001000001000000000000000000000000010000
0000000000000010000000000000101000000000000000000000000000000000000000000100000000001000000000000010
0000000000000000000000000000001000000000000000000000001000100000000000000001000000000001000000000000
0000000000000100000000001000100000000100100000000000000000000000000000000001000000000000000100000100
0000000000100000000000000000000010000000001010000000000000000100000000000000000010000000000010000001
0000001000000000000000000000000000000000000100000000000000000000000000000000000000000100000000000000
0000000000000000000000000000000000000000000001000000010000000000001000000000000000000000000000000001
0000000010000000000100000000000000000000000000000000000000000000000000000000000000000000000000000000
0000000000000000000000000000000001000000000001000000000000000000000000000000100000000000000000000000
0000010000000000000000000000001000000000000000000000000010001000000000000000000000000000000000000000
