0000000000000000100000000100000000000000000000000000000000000000000000010000100001000000000000000000
0000000000010000000000000000000000000000000010000000000010000000000000000000000000000100000000000000
1000000000001000000000000000000000000000000010000000000000100000000000000000000000000000000000000000
0010000100000000000000000000000000000000000000000000000000000000000000000000000001000000000000000000
0000000000000010000000000000000000000000000000000000000000000000000000000001000000000000100000000000
0001000001000000000000100000000000000000000000000000000000000000001011000000010000000000000000000000
0000000000000000000000000000000100000000000000000000000000000000000000000000000000100000000000000000
0000000000010000000000000000000000000000000000000000000100000000000000000001000001010000100000100010
0100100000000000000000000000000011000000000000100000000000010000000000001000000000000000000000010000
0000000000000000000000100000000000000000000000000010000000000000000000010000000000000000100000000000
0000000000010000100000000000000000000000000000000000000010000000000100000000000000000001000000000000
0000000000000000000000000000000100000000000000110000000101000000000000000000000000000000000000000000
0000000100000000001000000000000000000000001000000000000100000000000000000000100000000000010000000001
0100010000000000001000000000000000001000100000000000000000000000000000000000000100100000000001000010
0000000000001000000000000000000000000000000000000000100000000001010000000001000000010000000000000000
0000100000000000100000000110000100000000000000000000000000000000000100000000000000000000000000000000
0000000001000000000000000000000001000000000000001000000000000100001000000000000000000010000000000000
0001000101001100000100000000000000000000000010000100000100011100100000000000000000000000100010000000
0000010000000000000000000100000000000001000000000100000000000000000000000000000000000000000000000100
0000000001000000000000010000000000000000000010000000000000100000000000000000000000001000000000000000
