0010000000000010000000000000000010000000001000000000000000000000000000000000000000000000000000000000
0001000000000000001000000100000000000001000000000000001000001000000000000000000000000000000001000000
0000100000000000000000110000000100000000000000000000000000000000101000000000010001000000000000000000
0000000000000000000000000000000001100000000000000000000001000000000000000000000000100000000000000000
0000010000000000001000000000000010000000000000000000000000000001000010000000010000000000000000000000
0000000000010010000010010000000010000010000010000100000000000000000000000000000000000000000001000000
0000000000000000000000000000000000000000010000000000000000000000000000000000000001000000000000000000
0000000000000000000001000000000000000000000000000000000000000000000000000000000001000000000010000000
0000000000100000000000000000000000000000000000000100000000000000000000000000000000000000000000000000
0001000000000000000000000000100000000000000001000000000000000000000000000000000000000000000000000000
0000010000000000000100000000001000000000000001010000000001000000000000000010000000000000000000010000
0000000000000000000000000000000000000000000000000000000000001000000000000000000000000000000000000000
0000000000010000000000000000100000000000000000000000000001000000000000001000000000100000101100000000
0000100000001000000000000000000000000000000000000010000001000000000000100000010000000000010000100000
0000000010100000000000000000000000010000000000000000000000001000000000000000000000000000000000000000
0000000000010000000000000010000000001000100000000000000000000000000000010000000000000000000000000000
0000010000000001010000000100101000000000001000000000000000000000000000000000000010100000100000000000
0000000000010000000000000000000000000010000000000000000000000010000000000000000000000000000000000000
0000000000000000000000000001000000000000000100000001000000000000001000000000000100000000000000000000
0000000000010010000000000000000000000000000000000000001000000000000000000100000000001000000100000000
