0000000000000100000000000000000000000000000000000000000000000000000000000000000100000000010000000100
0000000000000000010000000000000000000000000000000000000000000000000001000000000000000000000000000001
0000000000000000000000000000000000000000000000000001000000000000000000000000100000000000000000000000
0000000000000000000000000000101000000010000000000000000000000100000000000100000000010000000000000000
0000000000100000010000000000000000000000000000000000000000000000000000000000000001000000000000000000
0000000000100000000000010000000100000000000010100000000000010000000000000000000000000011000000000000
0000000000000000000000000000000000100000000000000001000000000000000001000000000000000000000000000000
0001000000000000000000001000000000000000000010000000000000100000000000000000000010000000000000010100
0000000001000000000000000000000000000000000000000000000000000000000000000000010000000000000000000000
0000000000000000000100010000000000000001000000000000000000000000000000000000000000000000000000000000
0000010000000100000000100000000000000000000000000000100000000000000000000000000000000000000000000000
0000000010001000000000000000000000000000000000000000000000000000000000000000000000000000000000100000
0001001000000000000011000000000000000000100000000000000000000000000000000000000000000000000000000000
0000000000000000000100000000000000000000010000000100000000010000000000000100100000000000000000001000
0000000000000000000100001000100000010000000000000000010000000000000010100000000001000000000000000001
0000110000000000000000001000000000000000000000000000010010000000000000000000010000000000000000000000
0000010000000000000000000010000000000000000000000000000000000000100000000000000000000000000000000000
0000000000000000000000000000000000000000000000000000010000000100000000100000000000000110000000000000
1000000010000000100000000000000000000000000000000000000100000000000000000000000000000000000000000000
0000000000000000000000000000000110000000000000000000000000000000000000000000000000000010000000000000
