0000001001000000000000000000000000000000000000000000000000010000000000100010000000001000000000000001
0001000000000000000000000000000000000000000000000000000000000000000000000000000000000000000000000000
0000000000000000000000010000000000000000000000000000000000010000000000000000000010000000000000000000
0001000100000000000000000000000000000000001010000000010000000000000100000000010000000000000000000000
0000000000001000000000000000000000000010001000000000000000000000000000001000000000000000010000000000
0000000001000000000000000000000000100000000000000000000100000000000000010001000000000000000000000001
0000000000000000000000000000000000000000000000011000000000100000000000100110001000000000000000000000
0001000000000000000000100000010000000000000000000000000000000000000010000001010000000000000000000000
0100000000001000000000000000000000100000000000000000000000000000000000000000000000000000000010000001
0000000001000000000000011000000000000000000110100100000000000000000000000001000000000010000000000000
0000000000000000001000000000000000000000000000000000000000000001001000000000000000000000000000000000
0000010000000000000001000000000000010000001000000000000000000000000001100000100000000000000000000000
0000001000010000000010000100000000000000000000001001010000000000000000000000000000000000000000000000
0000000000000001000000000000000000000000000000000000000000000000000000000000000100000000000000000000
0000000000000000001000000100000000000000001000000001000010000000000000000001101000000000000000000010
0000000000000000000000100000010000000010000000000010000000000000000000000000000000000000000000001000
0000000000000010000000000000000000000000000000000000000100000000000000000001000000000000000001000000
1100010000000001000000000000000000010000000001000000000000000000000000000000000000000001000000000000
0000000000000000000000000000000000100000000100001000000000000000000000000000000100000000000000010000
0000000000000000000001000000000000000000000000000000000000000000001000010010000000000000000000000000
