0000000000001000000010000000000000100000000000100000000000000100000000000000000000000000000010000000
0000110000000000000001000010000100000000000000000000000000100000100000000000000000000000000000000000
0000000000000000000000000000000000000000000000000000010000000000000000000010010000000000000000000000
0000000000000000000000000000000000000000000000010000000000000000000100000000000000000001000000000100
0000000000000000000000000000000000001000000000000000001000000000000100000000100000100000000000000000
0000000000000000001000000000000000000000000000000000000000000000000001000000000100000000000000000000
0000000010000000000000000100000000000000000000000000000000000000000000000000010000000000000000001000
1000110000100000000000000000000000000000000000000000000100000000000000000000001000000000000000000000
0000000000000000000000000000000000000000000000000000000001000000000000000001000000000000000000000000
0000000000000000000000000000000000000000000000000000110100010000000000000000000000000000000010000000
0010101000000000000000000000000000000000000000000000000000000000001000000000000000101001001010000010
0000000000000000000000000000000000000000000000001000000000000000000000000000000000000000000000000000
0000000000000000000000000000000000000000000000010000000000000010000000100000000000000000000000000000
0000001000000000000000001000000000000000000000000000000000001000100000000000000000100000000000000000
0000001100000000000000000000000100000000000000000000000000000000001000000000000000000000000001001000
0000000001000000100000000001000000001010000010000000000000010000000000001000000000010000000000000000
0000000000000010000000000000000000000000000000000000000000000000000000000000100000000000010000000000
1000000000000000001001000000010000000000000000000000000000100000000000000000000000000000010010000000
0100000000000000000000000000000000000010100000000000000000000010000010000000000000000000000000000000
0000000000000000000000110000000000000000000000000000000000000000000000000000000000000000000000000000
