0000010000000000001000000000000000000000000000000000010000000000000000000000000000000001100000000001
0001000000000000000000000000000000001010000000000000000000000000000000000000000000000000000000000000
0000000000000000000000000010001000000000000000000010000000000010000000001001000000000000000000000000
0000010000000000000000000000000000000010000000001000100000000000000100000000110000100000000000000000
0000000000000000001000000000010000010001000000000000000000000000010000000000000000000000001000000000
0000000000000000000000000000000000000000000000000000010000000001000100010000000100000000000000000000
0000000000000001000001000000010000000000100000000000000000000000001000000000000000000000000000000000
0000000000000000000000101000000000000000000000000000010000000000000000000000000000000000000000000000
0000000000000001000000000000000000000000000000000000010000000100000000000000000000000000000000000100
0000000000000100000000000000000000000000001100000000000100000000000000000000000000000000010000000000
0000010000000000100000010000000000000000000000000010000000000000000000000000000000000000000000000001
0000000000001000010000010000000000001000000000000000000000000000000000000000000000000000010000000000
0010000000000110000000100000000100000000000000000000000000010000000000000000010000000000000000000000
0000001000000000000000100000000000000000000000100001001000000001001000000000000000000000010010010000
0000000000000010000010100000000000100000000000100000000100000000000000000010000000000000000001000000
0000000000000000001000000100000000000100001000000000001000000000000100000000000000000000000000000000
0000000000000000010000010000000000100000000000000000000000000000000000100000000010000000000000010000
0000010000000000100000000000000000010001010000000000100000000000000000000000000000000000000000000000
0000110011000000000000010000000000000000000000000000000000000001000100000000000100001000000000000000
0000000000000000000000000000000000000000000000000000000000000000000000000000000100000000001000000000
