0000000000000000000000000000000000000000000000000000010000000000000101001100000000000001000000000000
0000000000000000010000000000000000000000001001000000000000000001000000001000000000000000000000000000
0000000000000000000000000000000000000000000000000010000000001000000000000000000000000000001000000000
1000001000000000000100000000000000000000000000000000010000000000000000000110100000000000000000000000
0000100000000000000000000000000010000001000000000000000000000000000001000000000000000000000000000000
0000000000000000000000000000000000000000000000000000000000000000000010000000000000000000001000000000
0000000000000000000000000000000000000000000001000000000000000000000000000000010000000000000010000000
0000000000000000000000000000010000001000000000000000001000000000000000000000001000000000000000000000
0001001000000000010000000000000000000000000000000000000000000001000010000000000000000000000001000000
0000000000000101000000000000100000000110000000000000000000000000000001000000000000000000000000000000
0000000000000000000000000000000000000000000000000001000000000000000000000000000000000000000000000000
0000000000000000000000000000000000010000000010000000000001000010000001000000000000010000000000000000
0000000000000000000100000000000000000001000000000000000000000000001000001010000000000000000000000000
0100000000000000001000000000000001010000000000000000000000000000000000000000000000000000000000000000
0000001010000000000000100000000000000000000000000000000000000000000000000000001000000000000000100000
0000000000000000000000010000000001000000000000000000000010000001001000001000000000000000000000000010
0000100000000000000000000000000000000100000000000000000001100000000000000010000000000100000000001000
0010000000000000000000000000000000000000000000000000000000000000000000000000001000001000000000000001
0100000000000000000010000000000000000000000000000110000000000000000000000000001000000000010000000000
0000000010000000000000001001000000000100000000000000000000000000000000010000000000000000000000000000
