0000000000000000000000000000100001000000000000010000000000000000000000010000000000000000000000000000
0000000001000000001000000000000000000000100000100000000000000000001000000000000000000000000000000000
0010000000000000000000100000000000000000000000011000000100100000000000001000000000000000000000000000
0000000000000000000000000000000000000000000000000000000000000000000000000000000000000000100100000000
1000000000000000000000000000001000000000000000100000000000000000001100000000000000000000000000000000
0000000001000000000000000000100000000010001000000000000000000000000000000000000000001000000000010100
0000010000000000100000000000000000000000001000000000000000000000000000000000000000100000000000000000
0000000000000010000000000000000000000000000000100000000000000000000100000000000000000000000000000000
0000010000000000100000100000000000000110000000100000001000000100000000000000100000000000000000000000
0000010000000000000000000000000000000000000000000000000000000000000000000000000010000000000000000000
0100000000000000000000000001000000000000000000000000000000000000000000000000000000000000000000000001
0000000000000000000000000100000000000000000000000000000000000000000010000000000000000000000000000000
0000100000001000000000000000000001000010000000000000000000000000000000001000000000000000000000010000
0000000000000000000001000100000000000000000000000010011000000000000000000000000000000000000000000000
0000001000000000000000000000000000000000000111000000000000000000000000000000000011001000000010000000
0000000000000000001100000010000001000000000000000000000000000001000000000000000000000000000000000000
0000000000000001100000000100000000000000000000000000000000000000010000000000000001001000000000000010
0000000000000000000000000000100000010000000010000001000000000000000100000000000000000100000000000000
0000000000000000000001000000000000000000000000000010000000000000000000000000000010000000000000000010
0000000000000000000000000000000000000000000000000000000000100000000100100000000000000000010000000000
