0000001001000100000000000000000000001000000001000000100000010000000000000000100000000000000000000000
0000000000000000000000000000000100000000100000000000000000000000000000000000000000000000000000000010
0000000000010000000000000000000000000000000010000000000000000000000000000000000000010000000000000001
0000001000000001000000000000000000000000000000000000000100100100000100000000100001000000100000000000
0000000000100000000000000000000000000000010000000000000000000000000000000000000000000000000000000000
0000000000001000000000000000000000000000000000000000000000000000010000000000000001000000000000000000
0000000000000000000000000000001000000000000000100000000000000000000000000000000000000000000000100000
0000000000000000000000010000000000000000000000000011000001000000000000000000000000000000000000010000
0000000000000000000000000001000000000000000000000000000001000000000000000000000000000000000000000000
0000000000001000000000000000100000000000000000010010000000000000000000000000000000101000000000000010
0000000001000000000000100000000000000000000000000000000000000000000000000000000000000000000000000000
0000000000000000000100000000000000000001000000000000000000000000000000000000000000001000100000100000
0001100001000000000000000010000000000000000000000000001000010000000000000000000000000000000000000000
0000000000000000000000000000000000000000000000000000000000010000000000000000000000001000000000000000
0000000000000000000000000000001000000000000000000000000000000000000000000000000000000000001000001000
0000000000000010000000000000000000000000000000000010000000000000000000000010000000000000000000000010
0001000000000000000000000000000000000000000000000100000000000000000000000000000000000000001000000000
0000000010000000000010000000110000000000110000010000000000000000000000000000000000000000000000000000
0000000000000000000000000000001000000000000000000100000000000100000000101000000000000000000000000000
0000000000100000010001000000000001000000000000001000100000000000000000000000000000000000000110000010
