0000000000000000000000000010000100001000000000000000000010001000000000000010000001000000000000000001
0000000000000000000000000000000000000000000000000000001000000000000000010010000000000000001000010001
0000000000000100000000000000000000000000000000000000000000000000000001000000000000000000000000000000
0000000000000000000000000000000000000000000000000000000000000000000000000000000000100000000000000000
0000000000000000000000000000100000000000000000000000000000000000000000000000000000000000000000000000
0000000000000000000010000000000000000000000000000010000000000000000000000000000000000000100000000000
0000000000100000000000000000000000000000000100000000000000000000000000000000000000000000000000000000
0000000000000000000000000000000000001000000000000000000000000000010000000000100100000000000000000000
0000000000000000000000000000010001000000000000000000100000001000000001000000000000000000000000100000
0000000000000000000000000000000000000000000000000000000000000000000001000001000000000000000000000000
0000100000000000000000000000000000000000000000000000000000000000000000000000000000000000000000010000
0000000000000000000000000001000000100000000001000000000000000010000000000000000000000000000000000000
0000000000010000000000000010001000000000000000000000000100000000000000001000000000000000000100000000
0000000000010001000000000000000000000000000000000000000000110100000000000000000000000000100000000010
0010000000000010000000000000000000000000000001000000000000000100000000000000000000000000000000110000
0000000000000000001110000000000000000000000000000000000000000010000100010000000000000000000000010000
0000000000000000010000000000001000000000000000000000000000000000000000000000000000000000000000000000
0000001000000000001000000000000000000100000000000000000100000000000010000000000000001000000000100000
0000000000000000000100000000010000000000000000000000000000000000000000000000000000000100000000000001
0100000000000000000000000000000100000000000000000000000000001000000000000000100000000000000000001000
