0000000100000000001000000000000000000000000100001010000000000000000001000000010010100000000000000010
0000000010000000000000000000010010000010000000001000000000000000100000000000000000000000000000000000
0000000000000001000000000000000000010000000000000000000000000010000000100000000000010000010000000000
1000000100000000000100000000000000000000000000000000000000000000001000000000000000010001000000000000
0000000001000000000000000000000100000000000000000000000000000000000001000001001000000000000100000000
0000000000100000000000000000000000000000000000000000000000000100001000000000100000001000000100000000
0000000000000100000000010000000000000000000000000000000000000000100000000000000000000000000000000000
0000000010011000000000000000000010000000000000000000000010000000000000010010000000000000000000000000
0010100000000000001000000000000000000001000000000000000000000000000000001001000000000000000000000001
0100000000000000000000000000010000000000000000100000000000001000000000101000000000000010000000000000
0000000001000000000000000000000000000000000000000000000000010000000000000000000000000000000000000000
0100000000000000000000000000000000000000000000000000000000000000000000000010000000000000001000000000
0000000000000000000000000000000000000000000000000000000000000000001000000100000000000000000000000010
0000000000000000000000000000000000000000000100010000000000010000000000000000000100000000100010000000
0000000000000000000000000100001000000000000000000000000001000001000000000000000000001100000000000010
0000000000000000001000000000000110000000000000000000000010001000000000000000000100000000000000000001
0000000001000000000000000000000000000000000000000000000000000000000001000000000100000000000000000000
0000000000000000000100000000100000000010000000000000000000000000000001000000000000000000000000000000
0000000000000000000000000001001000000000000000000010000000000000000000000000000000000000000000000000
0000000000000000010000000000000000000000000000000000100000001000000000000000000000000000000000000000
