0000000000000000000000000000000000000000000000000000010100010000000000000001000000000000000000000100
0000000000000000000000100010000000000100000000000000000001000000000100000000000000000000000000000000
0000000001000000000000000000100000000000010000000000000000100000000010010001000000000000000000000001
0000001000000000000000000000000000000000000000000000100111000010000000000000001000000000000000000000
0000000101000000100000000000000000000000000000000000000000000000000000000000000000000000000000000000
0000000000000001000000000000010000000000001000000000000000000000000000000000000000000000000000000100
0000000000000000000001000000000000100000000000000000000010000000000001000000000100001000000000000000
1000000000000000000000000000000000000000000000000000000000000000000000000000000000010000000000000100
0100000000010000000000000100000000000101001000000000000000010000000000000000000000000000000000000000
0001000001000000000000000000000000000001000000000000001000010010000000000101000001000000100000000010
0000000001100000000000000000001000000100100000000000000000000001000000000000000000100000000000000000
0000000000000000000000000000000000000100100000000000000100000000000000000000000010000000000000000000
0000000100000000000000000100000000000000000000000010001000000000000100000010000000000000000000000000
0000000000000100000001010000000000000000000000000000000000010100000000000000000000110000000000000000
0000000000010001100000100000000000000000000010100000000000000000000000000000000000000000000000000010
0000001000000000000000000000000000000000001000010000000000000001000100000000000100000000000000000000
1000000000000000110000000000000000000000000000000000000001010001100000000000000000000100000000000000
0100000000000000000000011000100100000000000000000000000000000000010110000000000000000000000000000000
0000000000100000000000000000000000000000000000000010000000000000000000000000000000000010000010000000
0000000000000000000000000000000010000001000000000010000000000000000000000000000000000000000000000000
