0000000000000100000000000000000000000000000000000000000000000000000110000010000000010000000000001000
0000000000000000000000001000000000000000000000000000000000000000000000000000100000000000000000000000
0000000000000000001000000100000000100000000000000000000000010000100000000000000000000000000000000000
0000000000000000000010000000000000000000000001100000000000001000000000000000000000000000000000000100
0000000000000000000000000000000000000000000000000000000000000000000000000000001010000000000000000001
0000000000000000000000100000000000000000000000000000000010000000000000000000000000100000000000000000
0000000000000000000000000000000000000000000000000000010000000000000000000000000000010000110000000000
0000000000000010000000000000000100100000000000000000000000000000000000000000000000001000000000000000
0000000000000000000000000000000000000000000000000000000000100000000000000000000100000000000000000000
0000000000001100000010010000000000000000000000000000000000000001000000000001000000000000000000000000
0000000000000000000100000000000000000000000000000000000000000000000000000000000000000000000000000000
0000001000000000000000000000001000000000001000000000000001100000000000000000000000000000100000000000
0000000000000000000000000000000000000000010000000000000000000000000000000000000000000000000000000000
0000000000000100000000000010000000000000000000000000000001000000000000000000000000000000100000000100
0000000000000000000000000000000000000010100100000000000000000000000000001000001000000000000000000000
0000000000000000000000000000000000000000001000000000000000000000000000000000000000001000000000000000
0100110000000000010000000000000000000000010000000000000000000001000000000000000000000000010000000000
0000000000010010000000000000001000000000000000000000000000001000000000001000000000000000000000000000
0000000000000000000000000000011010000000000000010001100000001000000000100000000000000000000011000000
0000000000000000000000000000000000000000000000000000000000000000000000001000000000000000000100000000
