0000010000000000000000000000000000000000000000000000000000000000000000000000000000000000000000000000
0000000100100000000000000000000010000100000000000000000000000000000010000001000000000000000000000000
0011000000000000000000000000000000000000000000001000000000100000000000010000000010000000000100100000
0000000000000000000000000000000000000000000000000000000110000000100000000000100010000000101000000000
0000000000000000001000010000001000000000100000000010000000000010000000000000000000000000000000000000
0100000000001000000000000000010000010000000000100000000000001000000000100000000000000010000000000000
0000000000100000001000000000000001000000000000000000000000000000000000000000000000000000000000000000
0000000000000000000000000100000100100000000000000000000000000001000100000000001000000000000000000000
0000100010000000000000000000000000000000000000000000000000101000000000000000000000000000010100000000
0000000000000000000000000000100000000000000000000000000000000000000000000000000000000000000000000000
0000000000000000100000000000000000100000000000000000000000000000000000000000000000000000000000000000
0000000000010000000000000000000010000000000000000000000000000000000000000000000000100000000000000000
0110100000000100000000000000000000000000001000000100000000000000000000000000000001100000000000000000
0001000000000000010000000000000000000010000000000000000000000001000010000000000000000000000000000001
0000000000000000000000010010000100000000000000000000000000000000000000000100000000000000000010000000
0000000000000000000000001000000000000000000000000000000000000000000000000000000000000110000000000000
0000000000000000000100100000000000000010000000000000000000100000000000000000000000000000000000000000
0000000000000000000010000000000011000000000000000000001000000010000100000000000000000000000000000000
0000000000000000000000100000000001000100001000000010010000000000000000000010000000010100000000000000
0000000000000000010000000010100000000000000000000000001000000001000000000000000000000000000000000000
