0000000000000000000000000000000100000000000000000000000000000000000000001001000000000000000000000010
0000000000000001000000000000000000000000000001000000000000001000000010000000000000100000001000000000
0000000000100000000000100000000000000000100000000000000000000100100000000000000000000000000000000000
0000000000000010000000000000000000000000000000000000000000000000000000000000000000010000010000001000
0000000000010000000000000100000000000000000000000000000000000010000000000000000000000000000000000000
1000000000001000000000000000000000000000000000010000001000000000000000000000000000000000001010000000
1000000000000000001000000000001000000000000000000000000000000000000000000000000000100000100000000000
0000000100000000000000000000000000001000000010000000000000000000000010000000100000000000000000000000
0001000000000000000000000110000000000000000001000000000000000000000000000000100000000000000000100000
1000000000000000011000000000000010001000000000000000000000000000000000000000000000001000000000000000
0000000000000000100000000000100000000000000010000010000000100000000000000000010000000000000000000000
0000000100000000000000000000000000000000000000010000100000000000000000000000000100000100000000000000
0000000000000000000000000010000000000000000000000000000000000000000000000000000010000000000010100000
0000010000100000000000000000100000000000000000000000000000000000000100000000000000100000000000000010
0000000000010000000000000000000001000100000010000000000011000000000000000010000000000000000000000000
0000100000100110000000000000000000000000000100000000000000000000001000000000000000000000010000000001
0000000000000000000000000000000001000000000000010000001000000001001000100000000000000000000000000000
0000000100000000000000000000000000000000000000000000000000000000000000000000100000100000101000000000
0000000000010001000000000001000000000000000000000000000000000000000000000000000000100000000000000000
0000100000000000000000000000001000000000000000000000000000000000000000001000000000000000000100001000
