1000000000000000000000000000000000000000000101000000000000000000000000000000000100000000000000000000
0000000010000000000000000000010000010000000010000100000000000001000000000010000001100000000000000000
0000000000100000000000000100000000000000001000000000000000000100000000010000010000000000000000010000
0001000000001000000000100000000000001000000010000000000000000000000000000000000001000000000001000000
0000000000000000000100000000000000000000000000000000010000000000000000001000000010000000000000100000
1000000000000000000000000000000000000000000000000000000000000000001010100000000000000000010000000000
0000001000000000000000000000000000000000000000000000000000000000000000000001000000000000000000000000
0001000000000000000000000000000000000000000000000000000000000000000000100000000010000000000000000000
0000000000000000000000000000000001000010000000000000000010000000000000000000000000000000000000000000
0000000001000000000000000000000000000000000001000000000000000000000000000000000000000000000000000000
0000000000000000000010000000000000000000000000000000000000000000000000000000010000100000000000000000
1000000000000000000000000100000010000000000100100000010100000000000000000000000000000000000000000000
0100000000000000000000000100010000000000000000000000000100000000000000000000000000000001000000000000
0000000000001001000000000000000000000010000000000000000000000010000000000000000000000000000000000000
0000100000000000000000000000000000000000100000000000010000101000000000000000000000000000000000000101
0000000000000000000000000000010010000000000100000000010010001100000000000000000000000000000000010000
0000000010000010000000000000000000000000000000000000000000000000000000001000000000000100000000000000
0000000000000100000000000000001000000000000000000000000000001000000001000000000000000000000000000000
0000000000000100000000000000000000000000110000000000110100100000000000000001000000000000000000000000
0000000000000000000000000000100000000000000000000000000000000001010000000000000000001000000000000000
