0000000010000000000000000000000000000000000000100000100000000000000000000000000000000000000000000000
0000000000000100000000000000001000000000000000000000000000000000000001000010000000000000100000000001
0000000000000000000000000000000001001000000000000000100000011000100000000000100000000000000100000000
0101000000010000000000000001001000000000000000000100000000000000000000000000000100000000000000000000
0000000000000000000001000000000000000001000010000000000000000000000000000000000000000000000001000001
0000000000000000000000000000000010000000000000000000000100100000000000000000000000000000001000000000
0010000000000000000000000000000000000000000000000000000000000000000000000010100100000000000100000100
0000000000100000000000000000000000000010000110000000000001000000000000000000000010000000100000000000
0000000000010000000000011000000000000000010000000000000000000010000000000000100000000000000000000000
0000000000000000001000000000000000000010000000000000000000000000000000000100000000010000000000000000
0000000100000100000000001000010000000000000001000000000010000000000000001000010000000000001000000000
0000000000000000110001001000000000000000000000000000000100000000000000000000000000000010000000000000
0000010000001000000000000000000000000000000000000000000000000000000000000000000000000100000000000000
0000000000000000000000000000000000000000000000000000000000000000000000000110000100000000000000000001
0000000000000000000000000000001010000100000000000010000100100100011001000100000000000000000000000100
0010000000000000010010000000000000000000000000000000000000000000000000010000000000000000000010100000
0000001100000000000000000000000000000000100000100000000000000000000000000000000000000000000000000000
0000010000000000000000010000000001000000000001100000000000000000000010000000000000000000000000000000
0000000000000000000000000000000000000000000000000000000000010000000000000000000000000000000000000100
0000000000100001101000000000000000000000001000000000000000000100000000100000000000000000000000000000
