0000000000000000000000000000000000000000000000010000000000000000000000100000100000011000000000000000
0000000000001000000000000000000000000000000000000100000000000100000000000000000000000000000000100000
0000100000000000001000000000000000000000000000100000000000010010000000000000000000000000000000000100
0000000000000000100000000000000000000000100000000010000000000000000000000000000000000000100000000010
0000000100001001000000000000000000000000000010000000000001000100000000000000000000000010000000000000
0000000000000101000000000000100000000000000000000000000000000000000000000000000000000000000000000001
0000000000000000001000000000000000001000000000000010000000000000000000000001000000001000000010000000
0000000000000000000000000000000000010000000000000000000000000000000000000000000000000010000000000000
0000000000000001000000000001000000000000000000000000000010000000000000000000001000000000000100000100
0000000000000010100000000000000000000000000001000000000000000000000100000000000000000000000000000000
0000000010000000000001000000000000000000000000000000000010000000000000001000000000000000000000000000
0000000000100001000000000000000000000000000000001000000100000000000000000000001000000010000000000100
0001000000000000000000000000000000000100000000000000000000000010010000000000000000000000000000001010
0000000000000000000000000000000000000000010000000000000000100001000000000000000000001000000000000000
0000000000010000000001000010010000001000000010000000000000000000000000000000000000010000000000000000
0000000010000000000000000000000010001000000000000000000000000000000000000000000000000000110000000000
0000000000000000001000000010000000000000000000000000000000000000000000000000000000000010000000000000
0000000000000000000000000000000000000000000000000010001000000100000001000000000000000000000000000000
0000000010000000000000000000000000000000110010010001000000000001000000000000000000000000000000000000
0010000000000000000000000000000001000000000000000000000010000000000000000010000000000000010000100000
