0000001000000001000000100000000010000000100000000000100000000000000000001000000000000000000000010000
0000000000000000000000000001000000000000000000000000000000000000000000010000000000000000000000000000
0000010000000000000000000000000000000000000000100000000000000011000000000000000000000000000000000000
0000000000000000000010000000000000000000000000000000100000000000000100000000010000000000000000000000
0000000000000000000001000000000000000000000000000000000000100000000000000000000000001000000000000000
0100000101000000000010000000000000000000000000000000000000000000000000000000000000000000000000000000
0000000001000000000000000000000000000000000000000000000000000000000010000000000000000000000100000000
0000001000000000000000000000010000000000000000000000000000000000000000000100001000000000000000000000
0000000000000000000000000000000000100000000000000000000010000000000000110010000000000000000000000100
0001100000000000000000000000000000001000000000000000000000000000000000000000000000000000000000000100
0000100000000010001000000010000001000000000000000000000000000000000000000010000000000000000000000000
0001000000000000000000000000010000000010000000010000000000000000000000000000000000000000010010000000
0010010000001000010000000000000000000000000000000000000000000000000001000000000000000000000000000000
0100000000000000000000000000000000000000000000000000100000000000000000000000000000100001000000000000
0000000000000000100010000000000001000000100000000000000000000000000000000000000000000000011101000000
0001000000000000100000000001000001000010001000000000000000010000001000000000000000000000000000100000
0000000000010000000000000000000000010001000000000100000000000000000000000000000000000000010000000000
0000100000000000000000001010000000000000000000000000000000001010000000000000000000000010000000000000
0000000100000000000100000000000000010010000000000001000000010001000000000000000000000000000000000000
0000000000000000000000000000001000000000000000000000000000000000001010000000000000000000000000001001
