0000000100000010000000000000000000000011000000100000000000000000000100000000000000000000000000100000
0000000000100000000000000001000000000000000000000000000000100000000100000000100100000000010000000000
0000000000000000000000000000000000000010000000000000000000010000000000000000000000000010000000100010
0001001000000000000000000000000000000010000000000000000000000000000000000010000000000000000000100000
0100000000000000000000000000000000000001000000100000000000000000000000000000000000000000000100000000
0000000000000010000000010000100000000001000000000000000000000000000000010000000000000000000100000100
0000000001000000000000000000000000000000000100001000000001001100000000010000000100100000100000000001
0000000000000001000000000000000000000000000000000000000000000000000000100000000000000000000000100000
0000000000000000010000000010000000000000000000000001000000000000000000100000000000000000000000010000
0010000000000000000100000000000000000000000000000000000010000000000000000000000010000000000001000000
0000010000000000000000000010001000010000000000000000000000000000000000000000000000000000000000000001
0000000000000000000000100000000000000000000000000000000000000000000000000000001000000000000000000000
0000000001000000110000000000000000000000000000000000000000000010000000010000000000000000000000000000
0000000100000000000000000000000000000000010000000000000001010000000000000000000000000000000000000000
0000010000000000000000000000000000000000100100001001000000000010000000100000000100000000110100000000
0000000100000000000000000000000000100000000000000010000000000000100000000000000001000000000101000000
0000000000000000000000000000000010101000000100000000000000000000000000000000000000000000000000000000
0000000000000010000000000000000000000000000000000000000000000000100000000010000000000000000001000000
0000001100000000000100000010100000110000000000000000000000000000000000000100000000000000000000100001
0000000000000000000000001000000000000000000000000000000000000011000000000000000000000000000000000000
