0000000000000000000000000000000000100000100000000110000000010000000000000000000000000000000000000000
0000000000000000000000000000000000000000000000000000000000000000000000000000010000000000000001000000
0000000000000000000100000000000000000000000000000000100000000100000000000000001000000000000000100000
0000000000000000010000000000000000000000000000000000000000100000000000000100000000100001000000000000
0000100000000000000001000000000010000000010000000000000000000000000000000000000000000000000000000000
1000000000000000000000000000000000000000000000000000010000000000000000000010000000000000000000000001
0000000000000000000000000000000100000000000000000001010001000000000001000000100000000000000000000000
0000000010000000000000000000000000000000000000001000000000000000100000000000000100000000000000000101
0000000000000100000001000000000000000000000000000000000000000100000000000000100000000000001000000000
0000000000000000000000000000000000000000000000000000010000000000000000000000110000000000000000000010
0000000010000000000000000000010000000000000001000000000000000000000000000000000000010000000000000000
0000000000000000010000001000100000000100000000010010000000000000000000000000000000000000000000000000
0000000000000100000000000000001001000001000100000000000000000000001000000000000000000000000000000000
0000000000000010000010000001010000000000000000100010000000000000000000000000000000001000000000000100
0000000010000000000001000000000000010000000100000000000000000000000000000000000000000100000000000100
0000000000000001000000000000000000000000000010000000000000010000100000000000000000000000000000000000
1000000000000000000000000100000000000001000000000000000000000000001000010000000000000000000000000000
0000000000000000000000000000000000000000000100000000000100000000010010000100000100000000000000001000
0000000000000100000100000000000000000010100100000000000000000000000000000000000000000000000000100000
0000000110100100000000000000000010000000000000000000010000000000000100000001000000000000000001000000
