0000101000000000000000000000000000000100000000000000000000000001000000000010101000000000000000000000
0000000000100000000000010000000000101001001000000000000000010000000000000000000000000000000000000000
0000000000000000000000000000000000000000000000001000000000000000000000000000000000000010000000100100
0000000000000000000000000000000000000000000000000001000000000000000001000000000000000000000000000000
0100000000000000100000000000000000000000000000010000000000000000000000001000000001000010001000000001
0000000110100000000000000000000000000000000000000000000000010100000000000000000000000000010000000010
0000000000000010000000000000100000000000010000000000000000000000000000000000000000010000000000000000
0000000000000000000001000000000000000000000000000000100000000001001000000001100000000000000000000000
0000000001000000010010000000100000000000000000000010000000000000000010000100000000000000000100000000
0001000000000010000000001000010000000000000000000000000000010000000000000000000000010000000000000000
0000000000100000000000000000000000000000000010000000000000000000000000000000000000000000000000000000
0010000000000000000000000000000000010000000000000000000000001000000000000000000000000001000000000000
0011001000000000000000000000000001000000000000000001000000001000000000000000000000000000000001000001
0000000000000000000000000100000000000000000000000000000000000000000000000000000000000000000100000000
0000000000000000000000000000000000000000000000000000000010000000001000000000000000010000000000000000
0000000000010000000000000000000000000000000000000000000000000000000000000000000000000000000000000000
0000000000001100000100000000000000000000100000000001000000000000000000000000000000000000000000000000
0000000000000000110000000000000010000000000000000000011000000000000000000000000000000000000000000000
0000000001100000001000000100000000000001000000000000100000000000000000000010000000000000000000000001
0000000100000000000000000000000000000001000000000000000000000000000000100000001000000000000000000000
