0000000000000001000000000000010000000000010000000100000000000000000000000000010000000000000000000000
0100000000000000000000000010000000000000000000000000000000000000000000000010000100000010100001000000
0000000100000001000000011000000000000000001000000100000000010000000000000000000000000000000000000000
0000000001000000000000000000000000000000000000000000000000000000000000000000000000000000000000000000
0000000000000000000000001000000000000000000000000000000000000000000000000000000000000000000001010001
0000000000000000000100000000000000000001000000000000000000000000000000000000100000100000000001100000
0000000000000000000000000000000000000000000000000000000000000000000000000000000000000100000000000000
0000000000000000001000000000000000000000000001000000000000100001000110000000000000000000000000100000
0000000000000000000000000000000010000000000000100000000000000000000000000000000000000000000000000000
0000000000000010000000000001000010000000000000000000000000000000000000000000000000000000000000000000
0000000000000001000000000000000000100000000000000000000000000000010000000000000000000000000000000000
0000000000000000000000000000000000000000000000000000000000000000001000000000000000000000000000000100
0000000000000000000000000000000000000100000000000000000000000000000000000000000000000000000000000000
0000000000000010000001000100000000100000000000000000100000000000000000000000000100100000000000000000
0000000000000000000000000000000000001000000000000000000000000000000000000100000000010000000000010000
1000000000000000000000000000000000000010000000000000000000000010000001100000000000000000000000000000
0001000000000000000000100000000000000000100000000000000000000000000000000000000000000000000000000000
0000000000000000001000000000000000000000000000000000001000000000000000000000000000000010000000000000
0001000000000100000010000000000000000000000100000010000000000000000100001000000000000000000000000000
0000001000000000000000000100000000000000000000001000000000000010000000000000000000000000000000000000
