0000000000000000000000001000000000000000000000000000001000000000000100100000000000000000000000000000
0000100000000000000000000000000000000000000000000000110000000000000000000000000000000000000000010000
0000000001000000000000000000000100000000000000000000010010000000000000000001000000000010000000000000
0000000000001000000000001000000000000000000000000000110000001000000000000000010000110000000000001000
0000000000000000000000000000000000100000000010000000000001000000000100000000000000000000000000000000
0000000000000000000000000000000000000100000000001000000000000000010000000000000001000000000000010000
0000000000010000000000000000000000000001001000000000001001000000000000000010000000000010000000000000
0010010000000000000000000000000000000010000000000000000000010000000000000000000000001000000000000000
0000000000000000000000000000000000000001000000000000000000000000000010000000000000100000010000000000
0000000000000000000000000000010001000100000000000000000000000000000000000000000010000000000000101000
0000010000000000000000010000000000000000000000000000000000000000000000000000000000000000000010000000
0000000000001000000000100000000100000000000000000000000000000000000000000000000010000000010000000000
0011000000001000000000010000000000000000000110000000000000000000000001000000000000000000001000000000
0100000000000000001000000000000000000000000000010000000100000000000100000000100000001000000001000000
0000010000001000000000000000000000000000000000000000001000000001000000000000000000001000000000000000
0001000000000000000000100000000000000000000000000000000000000000000010000000100000000000000000000000
0000000010000010000000000100000000000010001000000000000000000000000000000000000000000000000000000000
0000000000000000000000000000000000000000000000000000000000000000000000000000100000000100000000000000
0000010000000000000000000000000000000000000000000000000000000001000001000000000000000000000000000000
0000000000000100000000000000000000000010000010000000000001000000000100100000000000010000000000000010
