0000000000000000000000000000000000000000000000001000000000000000011000000000000000000000000000000000
0100000000000000001000000100000000000000000010000000001000000000000000101001000000000000100000000000
0000000100000000110000000000000000000001000000000000000000000000100010000000000000000010000000000000
0000000000000000010000000000000000000000000000010100000000000000000000010000000000000000001000000000
0000010000000000000010000000000000000000000000000000000000010100000000000000000000000000010000000000
0000000000000100000000000000000000000000000000001000000000000000000000000000100000000010000000000100
0000000000000000100000000000000000000000000000000000000000000000000100000000000000010000000000000000
0000000000010000000000000000000000000000000001000010000000000000000100000000000000000000000000000000
0001000000000000000100000000000000000000000001000000000000000000000000001000000010000000000000100000
0000000010000000000000000000000000010000000101000000000100000000000000100000100000000000000000000000
0000010000000000000000000000000000000000000000100000000000110000000000000000000000000000000001000010
0000000000000000000000000000000000000000000100000000000000000000000000100000100000001000000100001000
0000000000000000000000000000000000000000000000000000000000000000000000100000000000000000000100000000
0000000000000000000000000000100000000000000000001100100000000000000000000000000010000000110000000000
0000000000000100001001000010100000000000000010000000000000000000100000000000000000000000000001000000
0000000000000000000001000100000101000000000000000000000011100000000000000000000000000001000000000000
0000000000100001000000000100000000000000000000100000000000000000001000000100000000000000000000000000
0010000001101000000000000001000000000100000000000000000000000000000000010000000000000000001000000010
0000000000000000000000100001000000000000000100000100010000000000000000000000000100010000000000000000
0000000100000010100000000000000000000000000000000000000000100000000010100000000000000000000000000000
