0000000000000000000000000000000000000000000100000000000000000101000000000000010000010000000000000001
1000000000000100100000000100000000000000000000000000000000000000000100000000000100000000000000000000
0000000000000100000000010000000000000000000000000010000000000000000001000100000100000000000000000000
0000000000000000000000000000000000000000100000000000000000000000010000000000000000000000000000000000
0000010000000000000000100000010000000000110000000000000000001000000000000000000000000000000000000000
0000000000000000000000010100000000000000000000000000100000000100000000000001000000000000000001000000
0000000000000000000000100010010000000000100000000001000000000000000000000000100000000000000000000000
0000001001000010000000000000000100000000000000000000000000000000010000000010000000000000001000000000
0000000001000001000000000000000000000000000000000000000000000000000000000000000000000000000000000000
0000000000100000000000110100000000000000000000000000000001000000001000000000000000000000000000000000
0000000010000000000000000100000000000000000000000000000000000000000000000000000000000000000000000000
0000000000000000000000000000100000000000000000000000000000000000000000000100010000000000000000000000
0000000000000000000000000000000000000000000000000000000000000000000000000000000000000000000000000000
0000000000000001000000000000100000000000000000010000000000000000100001000000000000000000100000000000
0000000000000010000000000000000000000000000000001000000000000000000001000000000000000000000000000000
0000000000000000000000000000000000000000000000000100000000000000010000000000000101100000010001000000
0000000000100000000000000010000000000000000000000000000000000000000010000000000000000000000000000100
0000000000000000100000000000000000000000000010000001000000000100000000000000000010000001000000000000
0000000000000000000000000000000000000000000000100010100000000000000000000001000000000000010000000010
0000000000000100000100010000000000000000100000000000000000001000000001000000100000000000000000000000
