0000000000000000000000000010000000000000000000000000000000000000000000000000000000000000000000000010
0000100000000000000010000000000000000000000000000000000000000000000100000010000000000000000100000000
0000000000000000000000000000000000001000000000010000001000000000000000000000000000000000000000000000
0010100000000100000000000000000000000000000000000000000000000000010000000000100000000000000000000000
0000000000010000000000000000000100101010000000000000000000000000000000000100000000000000000001000000
0000000000001000000000000000000000100000000000000000000000000000000100000000000000000000000000000001
0010000000000000000000100000000000000000000000000000000000010010000000000000000000100000010000000000
0000000000000100000000000000000000000000000000001010000000000000000001000100000000000000000000000000
0000000000000000000000000000000100000000000000000000000000000000000000000000100000000000000000000000
1100000100000000000000000000000000000000100000000000000001000000000000000000001000000000001000000010
0000001000000000000000000000000000000000000000000000000000000000000000000010000000000000000000000000
0000000000000000000000000000000010000000000010010000000000000000000100000000001100010000000000100000
0000100000000000000000000000000100000000000000000000000000000000000000000000000000000000000000000000
0000000000000000000000000000000000000000000000000000100001000000010000001000000000000000000000000000
0000001000000000001000000000000000000000000000000000000000000000000000000000000000010000000000000000
0000001000000000010000000000000100000001110000000000000000000000000010000000000000001000000000000000
0000000000000001100000000000000001000000000000000000001000100000000000000000000000000000000000000000
0000000000000000000000000000000000000000000000000000000000000000000000000000000000000000000000000000
0000000000000000000010000000000000010000000000001000000000000000000000000000000000000000010001000000
0000000000000001000000010000100100000000000100000000000000000000000000000000010000000000000000000000
