0000000000100010000000000100000010000000000000000000000000000000000000000000000000000000000000000000
0000000010000000000000000100000000110000000001000000000000000000000000000000000000000000000000000000
0000000000000000000000000000000000000000000000000000000000000000000010000010000000000000001000000000
0000100000000000000000000000000000000000000000000000000000000100000011010000000001000000000000001000
0000000010000000000000000000000010001000000000001000000000000000100000000000000000000000000000000000
0000000100000000000010000000101000000000100000001000000000000100001000000000000000000000000000000000
0000000000000000000100000000000000000000000000100010000100000000000000010000000000001000000010000000
0000000000000000000001000000000000000000000001000000000000010000000000000100000000000000000000000000
0000010000000000001000000100000000000000000000000100000000000000010000100000001010000000000001000100
0000000000000000000000000000000000000000000000000000000000010000100000000000000000000000000000000000
0000000010100000000000000000000000000001000000000010000000000000000000000000000000000000000100000000
0000000000000000000000010000100010000001000010000000000000000100000000000000000000000000000000000000
0000000000001000000000000000100000000000001000100000000011000000000001000000010000000000000000000000
0000000000000000000000000010000100000000010000000000000000000000000000000000000000000000000000000000
0100010000000000000000001000001000000000000000000010000000100000000000000000000001001000100000000000
0001000000000000000000001000000000000000000000000000001000000000001100000000001000000000000000000000
0000000000000000000100000000000000001000000000000001000000000000101000000000000010001000000000000000
0000000000000000000000001001000000000000010000000000000000000000000000000000000000000000000000010000
0000000000000000000000000000000000000000000100100000000000000000000000000000000000000000000000000000
0000010001000000000000000000000010000000000000000000100000000000000000000010000000000000000000000000
