0000000000000001000000000000000000000001000000000000000000000000000100000000000010000000000000000000
0000000000010000000000000000000000000000000000001100000000000000000000001000000000000000000000000000
0000010000001000000000000000000000000000000000010000000000000000010000000000000000000000000000000000
0000000010000000000010000001000000000000000000010000000000000000000100000000000100001000000000000000
0000010001000000000000000000000001000000000010000000000000000000000000000000000000000000000000001000
0000000000000100000000100000000001100000000000010000000000010000000000000100000000000000000000000000
0000000000000000000000000000000000000000000000000000000000000000010000000000001000000000000000000000
0000000000001000000000000000000000000000000000000000000000100000000000001000000000000000000000000000
0000000001000110000000100000000000001000000100000100000000000000001000000000000000000000000000000000
0010000000000000100000000000100000000000000010000100000001000000100000001000000000000000000000000000
0000001000010000000000000000000000001000000100000000000000000000000000000000000000000000000000000000
0000000000000000000000000000000000000000000010010000000000000000000000000000000000000000000000000000
0000001000000000000000000000001000000010000000010000011011000000000000000000000000000000010000000000
0000000000000000000000000000000000000000000000000000000000000000000000000000000000000000000000000000
0000000000000000000010000000000000000000000010000000000000000100000011100000000000000000000000000000
0000100000000000000000000000000000000000000000000000010000000010010100000000000010000000000000000000
0000000000100001100000010000000000000000000000000010000000000000000000000000000001000000000000000000
0000000000000000000000000000000000100000100000000000000000000100000000000000000000100000000000000000
0000000000000000000000000000000000000000000000000000000000000000000000000100000000000010000000001000
0000000001000000000000000000000000000000000000000000000000000000000000000000000000000000000000000000
