0100000001000000000000000000000000000000000000000000000000000000000000000000000000010000101000000000
0000100000000000001000000000010000000000000001000000000001000000000000000000000000000000000000000100
0100000000000000000000000100000000000000000010000000000000000000000000000000000000000000000000000000
0000000000001000000000000000000000000000000000000000000000000000000000100001000000000000000000000001
0000000000000000000000000000000000000000000000000000010000000000000000000000000000000000000000000000
0000001000000000000001100000000000000010100100010010010000000000000000000100001000000000000000000000
0000000000000000010000000000010000010000000000000000000000000010000000000000000000000000000000011000
0000000000000000000000000000000000000000000000000000000000000000000000000100000000000000000000100000
0000000000000000000000000001000000000000010000100000000000000000000000000000000000000000000000010000
0001100000000000000000000000000000000000000100000000000000000000000000000000100000000000100000000000
0000000000000000000000000000000000000001000000000001000000000000000000001000000000000000000000000100
0100000000000000001000000000000000000000000010000100000000000000000000000000000000000001000100000000
0000000000000000000000000000000000000001000100000000000000000000000000000000000001000000000000000000
0000000000000000000000000000000010000000000000000000000000000000000000000000000000000000000000000000
0000000000000000000000000000000000000000000000000000000000000100000000000000000000000000000000000000
0000000000001001100000000000000000000000000100000000000000000000000000000000000000000000000000000000
0000010000100000000000000000000000000010000000000000100000000000000000010000010000000000000001000000
0000000000000000000000000000001000001000000000000000000000001000000010000000000000000000000000000010
0000000000000000000000010000000000000000000000000000101000100000000001000000100000000000000000000000
0000000000000010000000000000000000000000000000000000000000000000000000000000000000000100001000000000
