0000000000001000000010000001000000000000000000000000000000001000000000000010100000000000000000000000
0000000000000000000000000001000000000010000000000000000000000000010000000000000001000000110000100000
0000001100000000000000000000000000000000000000000000000010000000000000000001000000000000000000000000
0000000000000000000000000000000000000100000000001000000110000000000000000000000000000000000000000000
0000000000000000000000000000000000000000000000000000100000000001000100000000000000001000000000000001
0000010000000000000000000000010000010000001000000000000000000000010000110000000000100000000000000000
0000000000000000000000000000000000000000000100000000000000000000000000000000000000000000000000000000
0000000100000000000100000010000000000000000000001001000000000000000000000000000000000000000000000000
0000000001000000000000000000000000000000000000000000000000000000000000000000000000000000000010000000
0000010000000000000000100010000000000000000000000000000000000000000000000001000000000000000000000000
0000000000000000000100000000000000000000000000000000000000000000000000000000000000001000000000101000
0000000000000000000000000000000100100000000000000000000000000100000000000000000010001000000000100000
0000100000000000000100000000000000000000000000000000000000000000000000000000000000000000000000000000
0000000000000010000000000000000000000000000000100001000000000000000010000000000000010100000000000000
0000100000000000000000000000000000000000000000000000010000100000000000000000000000000000000000000000
0000000000000000000000000000000000000000000000000010000000000100000000000000000000101000000000001000
0000000000000000000000000000000000000000000000000000000000000000000000000010000000000010000000000000
0000100000000001000001000000000000000000000000000010000000000000000000000100000000000000000100000000
0000000000000000000010000000000000000000100100000000000000010000000000000100000000000010000000100000
0000000000000000000001000000001000100000000000100000000000000001000000000010000000000000000000000000
