0000000000000000000000000000010000000000000010000000000000010000000000000000000000000000100001000000
0000000000000000000000010000000000000000000000000000000000000000000000000000000000000000000000000000
0000010000000000000000001000000000000000000000000000000000000000000100000000000000000000000000000000
0000000010000000000000000100000000000000000000000000000000000000000000000000000010000000000000000000
0000000000100000000000000000000000000000000000000000101000000000100010010001000000000000000000100000
0100000000000000000000000010000000000000000000001000000000000000010010000000000000010000000000000100
0010000000000000000000000000000000000000000010000000000000000000000001000000000100000000000000000000
0100000000000000000000100000000000000001000000000001001000000000000001100000000000010000000000000000
0000000000000000010000000000000000000000000000100000000000000000000000000000001000000000000000000000
0000000010000000000001000000010000000000000000000000000000000000000000000000000000000000000000000000
0000000000000000000000000000000000000000010000110000000000000001000000000000000000001000000000000000
0000010100000000000000000000000000000000000001000000000000000000000000000000000000000000000001001000
0000000100000000000000000000000000000000000000001000000000000000000000000000000001100000101000000000
0000000000000000000000000100000000000000000000000000000010000000000000000010001000000000000000000010
0000000000000000000000000000000000100000000010000000000000000000000000000000000000000000000000000000
0000000000000000000000000000000000000000000000000000000010000000000000000000000000000000000000000000
0000000000000000000000000000000000000000000001001000000000001000011000001000000000000000000000000000
0010000000000000000000010010000000000000000000000000000000000000000001101000000000000000000000000000
0000000000010000000000000000000000000000000010000000101000000000000000010000000000000000000000000000
0000000000000000001010000100000000010000000000100000000000000000000000000000000000000000000001000000
