0000000000000000100000000000000000000100000010000010000000000000000000000000000000000000000000000000
0100000000000000000000000000000000000000000000000000000000100000000000000000000000000000000000000000
0000010000000000000000100000000000000000000000000000000000000000000000000000010000001000000000000010
0000000100000000000000000000000000000000000000000100000000000000000100000000000000000000000000000000
0000000000000100000000000010000000000000000000000000000000000000000010000000000000000000000000000000
0000000000000000000000000000000000000000000000100000000000000000010000000000100010100000000000100000
0000000000000000000010000000000000000000100000010000000000000000000000000000000000000000001000000000
0000000000000000000000000000010000000000000000000001000000000000000000000000000000000000000000000100
0000000000000100010001000000000001000000000010101011000101000000000000001000000000000000001000000000
0000000010000000000000000000000000000000000000100000000010000000000000000000000000000000000000000000
0000010000000000000000000000000000000000100000000000000000000000000000001000000000000000000000000000
0000000000000000100000000000000000000000100000000000000000000000000000000000000000000100000000000000
0000000000000000000000000000100000000000000000000000000000000000000000010001000000000000000000100100
0000000000000000000000000100000000100000000000000000000100000000000000000000000000000000000000000000
0000000000000000000000001000000001000000000000000000000000000000000000000001000000000000000000000000
0010000000000001000000000000000000000000100000000000000000010000100000001000000000000000000000000000
0000000000000000000000000000000000000010000000000000000010000100000000000000000000010000000000000100
0000000000000100000100000000000000000100000000000001000010000010000000000000000000000000000000001000
0000000000000010000000000000000000000000000000000000000000000000000000001000000000000000000000000000
0000100000000000001000000000000100000000000000000000000000000000000000000000000000000000000000000000
