0000000000000000000001001100010010001001000000000000000100000000000000000000000000001000000000000100
0000000001000000000011000000000000000000000000001000000000000000000000000000000000000001000010000000
0000000001100000001000000000000000000000001000000000000000000000000000000000000000000000000100000000
0000000000000000000000000000000000010000000000100000000000000000000000000010000000000000000000000000
0000000000000000000000000000000000000000001000001000000001010000000010000000000000000000000000000000
0000000000000000000000000000000001000000000000000000000000000000100000100000000000000000000000000100
0000000000100000000100000000000000000000000000000000000000000100100000000000000000000000000000000000
0100000000000000000100010000000000000000000000000000000000000000000000000000000000000000000000000000
0000000000000000000001000000000000010000000000000000000000000000000000000000000000000000000010000001
0000000010000000000000000000100010000000001000000000000000000000000000000000000010000000001000000000
0000000000000000100010000000000000000000000000000000000000000000000000000000000000000000100001000000
0000000000000000000000000000000100000001000000010000000000000000000000000000001000000010100000000000
0000000000000000000100000000000010000000000000000000000000000000000000000000000000000000000000000000
0000000000000000000000000000000000000000000000100000000000000000000000001100010001000010000000000010
0001000000000000000000010000000000000000000000000000000000000000000000110000000000000000000000000000
0000000000000000000000000000000000000000000000000000000000000001000000000000000001000000000000000000
0000000000100000000000000000000000000100100000010000000000000000001010000000001100000000000000000000
0100000000000000000000000000000000000000100000000000000000000000001000100000000000000000100000000000
0000000000000000000000000000000000001000000000000000000000001000000000100000000000000000000000000001
0000000000000000000010000001000000010000000000000000000101000000000000000001000000100000000000000001
