0000000000001000000000000000000000000000000000000000000000100000000000000000000000000000000000000000
0000000000000010000110000000000000000000000100001000010000000000000000000000000000000000000000000000
0000000100000110010000000000010000000000001000000000000000000000000100000000000000000000000000000000
0000000000010100000000000000001000000000000010100000101000000000000000000000000000000000000000000000
0100000000100000000000000000000000000100000000000000000001001000000000000000010000000000000000000000
0001010100000010000000000010000000000000000100000000000001000000000000000000010000000000000000000000
0000000000000000000000000000000000000000000000000000000000000000000000000000000000000000000000000000
0000000000000000000000000000000000000000000000000000000000000000000000000000000010010010010000000000
0000000000000000010000010000000000000000000000000000000000000000000000000000000000000000000000000000
0000000000000000000010000000000000000000000000000000000001000000100101110000000000000000000000000000
0000000000000000000000100000000000000000000000010000000000010010000000000000000000000000000000000000
0000001000000000000100000000000000000000000000000000000000001000000010100000000000000000000000000000
0000000000000000000000000000100000000000010000000000101001000000000000000100000000000000000000000100
0000100000000000000000000000100000000000000001000010000000000000000000000000000000000000000000000000
0000000001000000000000000100000000000000000000000001000000000000000000001000000000000000000000000100
0000000000000010000000000000000000000000000000000000000000000000000000000000000000010000000000001000
0000000000001000000000000000000000001000000000000000000000000001000110000000001000000000000001000000
0000000000000000000000000000000000010000000000010100000000000000000000000000000000000000001000000000
0000100000000000000000100010000000000000000000000000000000000000000100000001010000000000000000000000
0000000000000000000000000000000000010000000000000000000000000000010000000000000000000000000000000000
