0000000000000000000000000000000000000000000000000001000001000000001001000100100010000000000000000000
0000000000001000011000000000000000000000001000000000000000010100000010000000000000000000000000010000
0000000000000000000110000000000000000000001001000000100000000000000001000000000000000000000000000000
0000000000010000000000000000000000000000100000000000000000000000010000000000000010000000000000000000
0001000000000000100100000000000000000000000000000000000000000000000000000000000000000000000000000000
0000000000000000000000000001000000000000000000000100100000001000000101000000000000000000000000000000
0000000000000010000000000000000000000000000001000000000000010000000100000000000000000000000000010000
1000000000000000000000000000000000010000000010000000011000000000000000100000000000000001000000000000
0000000000000000000000000000000010000100000000000000010000000000000000000000000000000000000000100000
0000100000000000000000000000000100000000000000000001000000110010010000000100010000000000001000100000
0000000000000000000000001100000000000000000000000000000000000000000000000000000000000000000000000000
0000000010100001000000000000010000000000100000000000000000000001000000000000000000000000000000000000
0100000000000010010000000000000000000000001000000000010001000000000000000000000000000001000000000000
0000000100000000000000000000000010000100100000000000000000000000000000000000000000000000100000000000
0000000000000000000001000000010000010000000000000000000000000000000010000000000000000000000000100000
1000000010000000000010000100000000000000000100000000000000000000000000000000000001000010000000000000
0000000000000000000000001000000000010000100000000000000001000000000000000001000100100000001000000000
0001000000000001000000001000000000000000000000000100000000000000000000000000000000000000000000000010
0000000000000000100001010000000010000000000000000000000000000000000000000010000100000000000000000000
0000000000010000000000000000000000000000000000000001000000000000000010000000000000000000000001000000
