0000000000000110001000001010000000000000000010000000000000000000000010000000000010000000000000000000
0000000000000100000000000000000000000000000000000000000000000000000000000000000000000000010000000000
0000000000000000000000000000000000000001000000000000010000100000000000000000000000010000000010100000
0001000000000100000000001000000000000000000000000000000000100000110000000000000000000010000000000000
0000000010000000000000000000000000000000000000000000000010000000000000000000000000000000000000000000
0000000000000000000000000010000000000001000000000000000000000000000010000000000000000000000000000000
0000000000001001000000000000000000000001000000000000000000000000000000000000010000000000000100000100
0000000000000000000010000000000000000000000000000000000000000001000000000000000000000000100000001000
0000000000000000000000000000000000000000000000000000001000000010000010000000000000000100000010001000
0000010000000000000100000000000000000000000000000000000000000000000000000000000000000000000001000000
0000000000000000000000000000000000000000000000001000000000000000000000000000000000000000000000000000
0000100000000000000001000000000000000000000000000000000000000011000000000000000000000000000000000100
0000000000000000000000000000000000000000000001000001000000000100000000000000000000000000000000000000
0000000100000001000000000000000000000000000000000000100000010000000000000000000000000000010000000000
0000000000100000000000100000000001100000000000000000000000000000000000000000000000000000000000000100
0000000000000000000000000000000000000010000010000000000000010000100000000000000000000000000000000000
0000000000000000000000000000000010000000000000000000000000000000000000000000000000000000000000000000
0000000000000000000000000010000100000000000000000000000000000000000000000000000000000000000010000000
0000000000000000000000000000000000011000000000000000000001000000000000001000000000001000100000000000
0000000100000000000000000000000000000000000000000010000000000000000000110000000000000000000000000001
