0000000000000000000000000000100011010000000000000000000000010000000001000000000000000000000000000000
1000000000000000000000010000000000000000000000000000000000000000000010000000000000000000000000100000
0000000000000000000000000000010000100000000000000000010000000000000100000000000000000000100000000000
0000000000000000000000000000000000000000100000000000000000000000000000000001010000000000000000000000
0000001000000000000000000001000000000100000001000000000000000000000000000000000000000000000000000000
0000000000000000000000000000000010000000100000001000000000000000000000000000000000000000000000000000
1000000011000000000000000100000000000000000000000000000000000000000000000000000000000000000000000000
0000000000000000000000000000000000000000000000100010000000000000000000000001000000000010000010000000
1010000000000000000010000000000000000000000000000000000000000000000000000000000000010000000000000000
0000000000000000000001000000100000000000010000000000000000000000000000000000000000000000000000000000
0000000000000000000000000000000000000000000000000000000000000000000000000000001000000000000000000000
0000000000000000000000100000000000000001000001000000000000010000000000000000000000000000100000000000
0000001000000000000100100000000000000000000100000000001000000000000000000010000000000010000000000010
0000000000000000000000000000000000000000000000000000010000000000000000000000000000000000000001000000
0000000000000000000000000000000000000000000010000000000000110000000000000000000000000000001000000000
1000000000000000000000000010000000000000001000000000000000000000000000000000001000000000010000000000
0000000000101000000010000000000000000000000000001000000000000000000000000000000000000000000000001000
0000000000000000000000000000000000010010000000000000000000000000100000000000100000000000000000000000
0000000000000000000000010000100000000000000000000000000000000000000000000010000001000000000000000000
0000000000000000000000000100000000000000000000100000000000000000000000000000000000000100000000000000
