1000000001000000000000000000000000100000010000000000000000100000000100000000000000000000000000000001
0000000000000000000000000000000010000000000000001101000000000000010000000010000000000000000000000010
0000000000000000000000000000000000000000001000000000000000000001000000000010000000000100000000100000
0000010100000000000000000000000000000000000000000001000100000000000000000001100000000000000000000010
0000010000000000000000000000000000000000000000000000000000000000001000000000100000000000000000000000
0000000000000000000000000000001010000000000000000000000000000000000000000000000000000000000000000000
0000000100000000000000000000000000000000000000000101000000000000000000000000010000000000000000000010
0000000000000000000000000000000000000000000000000000001000000000000000000000000000000000000000000000
0000000000000010010000000000000000000000000000000000000000000000010000000000000000000000001000000000
0000000001000000000000000000000000000000000000000000000000000100000000100000000000000010000000000000
0000000000001000001000000001000000000000000100000000000000000000000001000000000000000000000000000000
0000000000000000001000000000000000000000000000000001000000010000000010000000000000000000000000000000
0000000000000000000000000000000001000000000001000000000000000000000010000000000000000000000000000000
0000000000000000000000000000000000000000000000000000000010000000000000000000000000000000100000000000
0100000100000000000000001000000000000000010000000000001000000000000000000000000000000000000001000110
0000000010000000000000000000010000000000000001000001001000000000000000011100000000000000000001000000
0000000000010000000000000100000000000000001000000000000100000000000000000000000001100000000000000000
0000000000100000000000000000000000000000100000000000000000000101000000000010000000000000000000000010
0000000100000000000000000000000010000000010000000000000000000000000000000100000000000100000000000000
0000100000000000000000100000000000000000001000010000000000000000000000000000000000000000000000000001
