0000000000000010000000000000000001000000000000000000000000000000000001000010000000000000000000000000
0100000000000000001000000000000000000000000000000000000000000100000000000000000000000000000000000000
0100000000000100100000000000000001010000000000000000000000000000000000000000011000000000000000000000
0000001000000000000000000000000000000000000000000000000000000000001000000000001000000000000000000000
0000000100000000000000000100000000000000100000000000000010000000000000000000000000000000010000000000
0000000000000000000000010000000011000000000000000000000010000000000000000000010000000101000000000000
0100000000000000000000010000000000000000000000000000000000000000000000000000000100000000100000000000
0000000000000000000000000000000000000000000000000001000000000000000100000000000000000000000000000000
0100000000000000000000000000000001000000000000000000000000000000000010000000000000000000000000000000
1000000000000000000000000000000000000000000000000000000000000001000000001000000000000000000000000000
0000000000000001000000000000001000000001000000000001000100000000000000000000000000001000001000000000
0000000000000100000000000000000000000010000000000100000000010000000000000000000100000000000000000000
0000000000000000000000000000000000000100000000000000000000010100000000000000100000000010000000000000
0000010000000101001000000000000000000000000000000010000000000000000000001000000000000000010000000000
0000000000000000000000000000000000001000100000000000000000000000000000000000000010010000000000000000
0000000000000000000000000000000000000000000000100000000000100100000000010001000000000000000000000000
0000010000000100000010001000000000000000000000010000100000000000000110000000000000000000000100000000
0000000000000001000000000000000000000000100000000000000000100000000000000000000100000000000000000000
0000000010000000000000000000000000001000001000101100000000000010000000000000000000000010000000000000
0000000000100000000000000000000000000000001000010000000010000000000000000000001000000010000000000000
