0000000000000010000100001000010001000000000000000000000000000000000000000000000000010000000001010000
0000000000000000000000000000010000000000000100000000000000000000000000000000000000000000000010000000
0000000000000000000000000000000000000000000000000000000000000010000110001000000010000000000010000001
0100000100000000010010000000000000000001000000000000000000001000000000000000000000000000000000000000
0000000000000000000000000000010000000100000000000000000000000010000000000000000000100000000010000000
0000000000000000101000010000000000000000000000000000000000000000101000010000000000000001010000000000
0000000000000000000000000000000000000000010100000000000100000000000000000000001000000000000000100001
0000000000000110000000010000010000000000000000010000000000000000000000000000000000000000000100000001
0000000000000000000000000001000000000000100000000000000000000000000000001000000000000000000000000000
0000000000000000000000000000000000100000000000000000000000000100000000000000000000000000000000000000
0000000000000000000000000000000000000000000000000000000000000000001000000000000000000000000000000000
0000000000000000001000000001000000000000000000000000000000000010000000000000000000000000000000000000
0000100000000000000000000000000010000000011000000010000000010000000000000000011000000000000000000000
0000000010000000000000001000000000000000000000000000000000000000000000000000000000000000000000000000
0000000000000000000000000000000000000000000000000010000000000000000000000000000000000000100000000000
0000100000000000000100001000000000000000000100000000000000000001000000010000000000010000000000000000
0000000000000000000011000000000000000000000000000000000000000000000000000000000000000010000000000000
0000100000000000010000000000000000000000100000000000000000000000000000000000000000000000000000000000
0000000000000000000000000000000000000010000000000000100000000010001000000000000010001000000000000000
0000000010000000010000000000000000000000000000001000000000000000000000000000000000000000000000010000
