0000000000000000000100000000100000000000001010010000000000000000000000000001000000000000011000000000
0000000000000000000000000000000000000010001000000000000010000000000000000001000000000100000000000000
0001010010000000000000000000000000100000001000000001000000000000000000000010000000000000000000000000
0000000000000000000000000000000000000000000000000000000000000010000000000000000000000000000000000000
0000000000000000000000000001000000000000000100000000000000000000000000000000000000000001100010000000
0100001001000000000100000000000000001000001000000000010000000000000000000000000000000000000010000000
0000001000100000000000000000000000000000000000000000000000000010000000000000000000100101100000000000
0010000000001000000000000000000000000000000000000001000000000000000000000000000000000000000000000000
0000000000000001000001000000000000000000010000000000000000000000100000000000000001000000010000000000
0000000000000010000000000000000010000000000000000000000001010000000000000000000000010000000000000100
0000000000010000000000000000000000000000000010010000000000001000000000000000000000001000000000000000
0000000010000000000000000100001000100000100000000000000000000000000000000000000100000000000000000000
0100000001000000000000000000000000000010000000000000000000000000000001000000000000001000000000000000
0000000000000000000000000000000000000000100000000000100000000000000000000000001010000000000100000000
0000000000000010000000000000000000000000000000000000000100000000000000000000010001000000000000000000
0000000000000000000000000000000000000000010000100000010100000000000000000000000000000100000000000000
0010000001000010000000001000000000000000000000000000000000000000000000000000100000000000001000000000
0100001000000000000000000000001010000000000100000000000000000001000000000000000000000000000000000000
0000000000100000000000000000000000000000000000001010000000000001000100000000000000010000000000000000
0000000000000000000000000000000000000000000000000000000000100000000000000000000000000000010000000000
