0000000000000000000000000000000000000000000000000000000000000000000000001010000000000100000000010000
0000000001000000000000000000000000000010000100000000000000000000011000000101000000000000000000000000
0000001000000000000000000000000100100000000000000000000000000100000000000000000000001000010000000000
0000000000000000010000000000000000000000000000010000000001000000000000100000000000000000000000000000
0000001000000000000000000000000000000000000000000000100000000000000000000000001000000000000000000000
0000000000100000000000000000001000000000000000001000000000000000101000000000000000000000000000000000
0000000000000000000000000010000000000000001000000000000000000000000000000011000000000000000000000000
0100000000000000000010000000000010000000000000000010100000100000000000000000100000000000010000000000
0000000000000000000000000000000000000001001000100001000000000000000000000000000000000000000000000000
0000100010000000000000000000010000000000000000000000000000000000000000000000001000000000000000000000
1000000100000010000000000000000000000000000000000000000000010010000000000000000100000000000000001000
0000000010000000000000001000000000000000000000100000001000000000000000000000100000000000100001000000
0000001000000000000000000000010000000000000000000000000100000000000000000000000000001000000000000000
0000000000000000000000000000000000000000000000000000100000000000101000000000100000001000000001101000
0000000000000001000000010000000000001000000000000000000000010000000000000100000000000000000000000000
0000000000000001000000000000000000000000000000000000000000000000000000000000000010010110000000000000
0000000100000010000000000000000000000000000000000000000000000000000000000000000000000000000000001000
0000000000100000000000000000010000000100000000000000000000000001000000000001000000000001100000000000
0000000100000000000000001000000000000000000000000000001000000000000000000000000000010001000000100000
0000000000001010000000000000000000000000001000000000000000000000000000000100010000000100000000010000
