0000001000000000000000000000000000001000000000000010000000000000000000000000000100100000001010000001
0000000000000000000000000000000000001000000100000001000000000000000000000000000000000000100001000000
0000000010000000000000000000000000000000000001100000000000001000011001000000000000000000000000100000
0000000000000000000000100000000000000000000000000000000000000001100000001000000000000000000001000000
0000000000000000000100000010000000000000000000010000000000000000000000000000000000000000000000000010
0000000000000100000000000000000000000000000000000100000001000000000100000000000000000000000001000000
0000000000000000000000000000000000000000000000010000000000100000000010000000000001000000000000000000
0000000000000000000000000001000000000000000000000000000000000000000000000000000100000000100001000000
0000000000000000000010000100000110000000000000100000000000000010000000000000000000000000000000000000
0010000000000000000000000000000000000000000000000000101001000000000000000000000000000000000100000000
0010000010000000000000000000000000000100000100000000000000000000000000000010000000000000000000000000
0010001100000000000000001000000000000001001000000100000000000000000000000000000000010000100001000000
0100000000000000000010000000000000000000000000000000000000000000000000000000000000000000000000000000
0000000000000100000000000000000000000000000000000000000000000000100000000000000000000000000000100000
0000000000000100100000000100000000000001000010001001000000000000000000000000000000000000000100000000
0000000000000000001000000000000001000000000000000000000001000000000000000000000000000000000000000000
0000000000010000000100000100001000000100100000000000000000001000000000000000000000000010000000000010
0000000000000000000000000100000000010000000000000000000000000010000000000000000000000000000000000000
0000000000000000000000010000000000010000000000000000000000000000000000000000000000000000000000001010
0000000000000100000100000000000000000000000000000001000000000000000100000000000000000101000001000000
