0001010000000000000000000001000000000010000000000000000000100000000000000000000000000000000000000000
0000000010000000000010000010000000000010000000000010001000000000000000000000000010000000000000101100
0000000000000000000000000000000000010100000000000000000000000000010000000000000100000000010000000000
0000000000010000000000000000000000000000000000000000000000000000000000000000010000000000000000000000
0000000000000000000000000000000000000000000000000000000000000000000000000000000000000000000000000000
0000000000000000000000000000000000000000000001001000000001000010000000000000000000000000000000000001
0000000000000000110000001000000000010000100100000000000000000000000000000001000000000000000000000000
0010000000000000000000000000100000000000000001000000000000000000010000000000000000000010000000000100
0000000000000000000000000000000000000000100000000000001000001000000000000000000000000000000000000000
0000000000000001000000000010000000000000000000000100001000000000000000000000000001010000000000000000
0000000000010000000000000011000001000000100001000000000000000000000000000000000000000000000000000000
0000000000000000000000000000000000000010000000000000000000000000000000000100000000000000000001000000
0000000000000000000000000000000010000000000000000000000000000000000000000000000000100001010000000000
0000001000000000000010000000000000000000000000000000000000000000000000000000000000000000000000000000
0000000000000000000000000000000000000000000000000000000100000100100000100010000000000000000000010000
0100000100000000000000001010000000000000000000000000000000000001000000000000000000000000000000000000
0000000000010000000000000001000000000000000000000000000000000000000011100000000000000000000000000000
0000000000000000000000000010000000000000000000000000000000000000000000000000001000000000000000000000
0000000000000000000000000000000001000100000000000001000000110000000000000000000000000100010000000000
0000000000000000000001000000000000000000000000000000000000000001000000000000000000000000000000010000
