0000000000000000000000000000000000000000000000000000000000000000000000010000000000000000000000000000
0000000000000100000000000001000000000000000010000000000000000000000000000000000100000000000000000000
0001100010000000000000000000000011000000000000000000000000000000000000000000000000000000000000000010
0010000000000000000000000000010000000000000000000000000000000000000000000000100000000000000101000000
0000000000000000001000000100000000100000000000000000000001000000000000001000001000000000000000000000
0001000000000000000000000000000000000000000000000000000000000010000010000000000001000000000000100000
0000000000000000000010000000000000000000000000000000000000000000100000000000000000000000000000000001
0000000100000010000000000100000000000000000000000000000000000000010000000100000000000000000010000000
0001000000000000000010000000000000000000000110000000000000000000000000000000000010000000000000000000
0000000000000010000000000000000000000000000010000000000000000010000001000000010000000000000000100000
0100000000000000000000000000000000000000000000000000000000000000000100000000100010000000000000100000
0000000100000000000000000000000000000000000000100000000001000010000000000000000000000000000000000000
0000000000000000000001000000000000000000000000000000000000000000000000000001000000000000000000000000
1000000000000000000000001000000000000000000000000000000000000000000100000000000000000000000000000000
1010000000000000011000000000000000000000000001000000000000000000000000000000000000000000000000000000
0010000000000000000000000000000100000000000000000000100000000000000010001000000000000000000000000001
0001000000000000000000000000000000000000000000000000000000000001000010000001000000000001000001000000
0000000000000000100000001000000000000000000000000000000000000000000000000000100000000001001000000010
0000000000000000000000000000000001000000000100010100000000000000100000000000000000000000000000000000
1000000000000000000000100100000000000000100000000000000100100000000001000000001000000000000000000000
