0000000110000001000000000000000000000000000001000000000000000000010000000000000000000000000000000000
0000000100000000000000001000000000000010010000000101000000000000000000000000000000000000000000000000
0000001000000000100000000000000000100000000000000001000000000000000000000101000000010000000000000000
1000000000000000000000000000000000000000000000000000000000000000000000000000000000000100000000000000
0000000000000000000000000000000000000000001000001000000000100000000000000000000000000000000000000000
0000000000000000000000000000000000000001000000000000000000000000000100100000001000100000000000000000
0000000001000000000000000000010000000000100001000000000000010000000000001000000000000000000000000000
0000000000000000000000000000100000000000000000000000000000000000001000000000000000000100000000000000
0000000000000001000000000000000000000000000000000000000000100000000000000000000100000000000000000001
0000000010000000000000000000000000000100000100000000000000000000000000000001000000000000000000000000
0100000000100000000010000000000000000100100000000000100000000100000000000000000000000000000000000000
0000000000000010000000000000000000000011000000010000000001000000001000000000000010000010000000010000
0000000000000000000000000000001000000000001000000000000000000000000000100000000000000010010000001100
0000010010000000010000000000000010000000000000000100000000000000000000000000000000000000000000000000
0000000000000100000000000000000000000000000000000000000000000000000000000000000000000000000000010000
0000000000000000000000000010000000100000000000000000000000000000010000010000000000000000001000000000
0000000000000000000000000000000000101000000000000010000000000000000000000000001000000000000000001000
0000010000000000000000100000000000010000100000000000000000000000000000000000000000000000000000000000
0000000000000000000000000000000000010000000000000000000000000000000000000000000000000000000000000000
0000000000000000000000000000000000000000000000000000000000000000000000000000000000000000000000000000
