0000010000010000000000000000000000000000000000000000000000000000010000000000000000100000000000000000
0000000000010000000000010001000000000000100000000000000000000000000010000000000000000000000000000000
0000000000000000000000000000000000000000000100000000000000000000000000000000000000000000000000000000
0000000000000000000000000000000000000000000000000000000000000000000000000000010000000000001000000000
0000000000000000000000000000000100000000000000000010000000000000001000000001000000100000000000000000
0100000000000000100000000000000000000000000000000000000000000000000000000000001000000100000000000000
0000000000000000000000000000000000000000000000000000000000000001000000000000100000000000000000000110
0000000001000000000000000000000000010000000000000000000001000000000000000000000000010100000000000000
0000000000100001100000000001000000000000000000000000000000100000000000000000000000000000000000000100
0000000000100000000000000000000000000000000000000010000000000000000010000000000000000000000000000000
0100000010010000000000010000000000000000000010000000000000000000000000000000000000000000000000000000
0000000100000000000001001000100000000000000000000000000000000000000000000100000000000001000000000000
0000000000000001000000010000000000000000000000000000000000000000000000000000001000100001000100000000
0000100000000000000010000000000010000000000000000000001000000101000000000000000000000000001000000000
0000000000000001010100010000010000000000000000010000000000000100000000000001000000000000000000000000
0000000000000000000000001000000000000000000000000000000000000000000000000000000000000000000000000000
0000000000000000000100000001000000000000001000000100000000000000000000000000000000000000000000000000
0000000000000100000000100000000000000000000000010000000001000100000000000010000000100000000000000000
0000000010000000000001000000000000000100000000000000000000000100100000000000000000000000010000000000
0000010000000000000000000000000000000000001000100000000010000000000000000000000000000000000000000000
